"Dstat 0.7.3 CSV output"
"Author:","Dag Wieers <dag@wieers.com>",,,,"URL:","http://dag.wieers.com/home-made/dstat/"
"Host:","node-19.solr8-3.uic-cs-edu-pg0.utah.cloudlab.us",,,,"User:","dporte7"
"Cmdline:","dstat -t --cpu --mem --disk --io --net --int --sys --swap --tcp --output node19_128.110.153.173_direct::rf16_s1_cluster8_dstat.csv",,,,"Date:","19 Dec 2019 15:30:23 MST"
"system","total cpu usage",,,,,"memory usage",,,,"dsk/total",,"io/total",,"net/total",,"interrupts",,,"system",,"swap",,"tcp sockets",,,,
"time","usr","sys","idl","wai","stl","used","free","buff","cach","read","writ","read","writ","recv","send","79","80","81","int","csw","used","free","lis","act","syn","tim","clo"
19-12 15:30:23,0.517,0.124,99.357,0.003,0,920346624,62949625856,283893760,3013410816,1016.315,173034.850,0.079,3.713,0,0,15.700,15.577,15.442,407.336,3580.871,0,3221221376,6,10,0,1,0
19-12 15:30:24,1.188,0.563,98.249,0,0,920719360,62949261312,283893760,3013402624,0,0,0,0,5400,6112,0,0,0,1027,896,0,3221221376,6,10,0,1,0
19-12 15:30:25,0.062,0.188,99.750,0,0,918814720,62951428096,283893760,3013132288,0,0,0,0,1916,1858,1,0,0,262,426,0,3221221376,6,9,0,1,0
19-12 15:30:26,0.062,0.062,99.813,0.062,0,918814720,62951428096,283893760,3013132288,0,245760,0,8,485,402,0,0,0,106,179,0,3221221376,6,9,0,1,0
19-12 15:30:27,0,0.063,99.937,0,0,918790144,62951452672,283893760,3013132288,0,1597440,0,362,366,350,0,0,0,278,217,0,3221221376,6,9,0,1,0
19-12 15:30:28,0,0.125,99.875,0,0,918790144,62951452672,283893760,3013132288,0,0,0,0,1556,580,1,0,0,109,174,0,3221221376,6,9,0,1,0
19-12 15:30:29,0,0.125,99.875,0,0,918790144,62951452672,283893760,3013132288,0,0,0,0,306,342,0,0,0,101,175,0,3221221376,6,9,0,1,0
19-12 15:30:30,0.125,0.125,99.750,0,0,919212032,62951030784,283893760,3013132288,0,0,0,0,1566,2213,0,0,0,187,192,0,3221221376,6,10,0,1,0
19-12 15:30:31,0.063,0.125,99.812,0,0,918712320,62951530496,283893760,3013132288,0,0,0,0,1430,2403,1,0,0,235,269,0,3221221376,6,9,0,1,0
19-12 15:30:32,0,0,100,0,0,918704128,62951538688,283893760,3013132288,0,73728,0,4,485,342,0,0,0,111,191,0,3221221376,6,9,0,1,0
19-12 15:30:33,0.062,0.125,99.813,0,0,918704128,62951538688,283893760,3013132288,0,0,0,0,426,350,0,0,0,98,175,0,3221221376,6,9,0,1,0
19-12 15:30:34,0,0.062,99.938,0,0,918704128,62951538688,283893760,3013132288,0,0,0,0,845,334,0,0,0,92,147,0,3221221376,6,9,0,1,0
19-12 15:30:35,0,0.063,99.937,0,0,918704128,62951538688,283893760,3013132288,0,0,0,0,658,564,1,0,0,90,147,0,3221221376,6,9,0,1,0
19-12 15:30:36,0.062,0.125,99.813,0,0,918704128,62951538688,283893760,3013132288,0,0,0,0,1033,342,0,0,0,106,171,0,3221221376,6,9,0,1,0
19-12 15:30:37,0,0,100,0,0,918704128,62951538688,283893760,3013132288,0,0,0,0,246,334,0,0,0,108,201,0,3221221376,6,9,0,1,0
19-12 15:30:38,0,0.125,99.813,0.062,0,918704128,62951538688,283893760,3013132288,0,24576,0,4,657,564,1,0,0,102,160,0,3221221376,6,9,0,1,0
19-12 15:30:39,0,0.063,99.937,0,0,918704128,62951538688,283893760,3013132288,0,0,0,0,426,358,0,0,0,85,141,0,3221221376,6,9,0,1,0
19-12 15:30:40,0,0.125,99.875,0,0,918704128,62951538688,283893760,3013132288,0,0,0,0,305,334,0,0,0,82,143,0,3221221376,6,9,0,1,0
19-12 15:30:41,0.062,0.062,99.875,0,0,918704128,62951538688,283893760,3013132288,0,0,0,0,1000,564,1,0,0,106,181,0,3221221376,6,9,0,1,0
19-12 15:30:42,0,0.125,99.875,0,0,918704128,62951538688,283893760,3013132288,0,0,0,0,1334,446,0,0,0,129,202,0,3221221376,6,9,0,1,0
19-12 15:30:43,0,0.063,99.937,0,0,918704128,62951538688,283893760,3013132288,0,0,0,0,186,334,0,0,0,81,143,0,3221221376,6,9,0,1,0
19-12 15:30:44,0.062,0.062,99.875,0,0,918704128,62951538688,283893760,3013132288,0,24576,0,4,365,334,0,0,0,93,155,0,3221221376,6,9,0,1,0
19-12 15:30:45,0,0.063,99.937,0,0,918704128,62951538688,283893760,3013132288,0,0,0,0,752,580,1,0,0,112,175,0,3221221376,6,9,0,1,0
19-12 15:30:46,0,0.125,99.875,0,0,918704128,62951538688,283893760,3013132288,0,0,0,0,545,342,0,0,0,93,156,0,3221221376,6,9,0,1,0
19-12 15:30:47,0,0.063,99.937,0,0,918704128,62951538688,283893760,3013132288,0,0,0,0,378,668,0,0,0,99,168,0,3221221376,6,9,0,1,0
19-12 15:30:48,0,0.125,99.875,0,0,918704128,62951538688,283893760,3013132288,0,0,0,0,991,564,1,0,0,96,153,0,3221221376,6,9,0,1,0
19-12 15:30:49,0.062,0.062,99.875,0,0,918700032,62951538688,283893760,3013136384,0,0,0,0,306,342,0,0,0,97,173,0,3221221376,6,9,0,1,0
19-12 15:30:50,0,0.125,99.875,0,0,918700032,62951538688,283893760,3013136384,0,49152,0,6,1067,394,0,0,0,108,165,0,3221221376,6,9,0,1,0
19-12 15:30:51,0,0.062,99.938,0,0,918700032,62951538688,283893760,3013136384,0,0,0,0,538,580,1,0,0,88,149,0,3221221376,6,9,0,1,0
19-12 15:30:52,0,0.063,99.937,0,0,918700032,62951538688,283893760,3013136384,0,0,0,0,425,342,0,0,0,98,171,0,3221221376,6,9,0,1,0
19-12 15:30:53,0.062,0.062,99.875,0,0,918700032,62951538688,283893760,3013136384,0,0,0,0,426,394,0,0,0,101,175,0,3221221376,6,9,0,1,0
19-12 15:30:54,0,0.125,99.875,0,0,918700032,62951538688,283893760,3013136384,0,0,0,0,699,334,0,0,0,87,147,0,3221221376,6,9,0,1,0
19-12 15:30:55,0,0.062,99.938,0,0,918700032,62951538688,283893760,3013136384,0,0,0,0,538,564,1,0,0,87,146,0,3221221376,6,9,0,1,0
19-12 15:30:56,0,0.062,99.875,0.062,0,918700032,62951538688,283893760,3013136384,0,24576,0,4,485,342,0,0,0,101,167,0,3221221376,6,9,0,1,0
19-12 15:30:57,0,0.063,99.937,0,0,918700032,62951538688,283893760,3013136384,0,16384,0,4,1043,350,0,0,0,126,215,0,3221221376,6,9,0,1,0
19-12 15:30:58,0,0.063,99.937,0,0,918700032,62951538688,283893760,3013136384,0,0,0,0,717,580,1,0,0,97,149,0,3221221376,6,9,0,1,0
19-12 15:30:59,0.062,0.062,99.875,0,0,918700032,62951538688,283893760,3013136384,0,0,0,0,186,342,0,0,0,78,146,0,3221221376,6,9,0,1,0
19-12 15:31:00,0,0.062,99.938,0,0,918700032,62951538688,283893760,3013136384,0,0,0,0,1557,334,0,0,0,104,165,0,3221221376,6,9,0,1,0
19-12 15:31:01,0,0.063,99.937,0,0,918700032,62951538688,283893760,3013136384,0,0,0,0,1060,564,1,0,0,117,194,0,3221221376,6,9,0,1,0
19-12 15:31:02,0.188,0.125,99.688,0,0,919224320,62951014400,283893760,3013136384,0,425984,0,92,2420,2327,0,0,0,249,210,0,3221221376,6,10,0,1,0
19-12 15:31:03,1.001,0.501,98.498,0,0,919093248,62951145472,283893760,3013140480,0,0,0,0,3340,3523,0,0,0,827,858,0,3221221376,6,9,0,1,0
19-12 15:31:04,1.188,0.562,98.250,0,0,920240128,62949994496,283893760,3013140480,0,0,0,0,4624,4268,0,0,0,912,680,0,3221221376,6,10,0,1,0
19-12 15:31:05,0,0.125,99.875,0,0,918941696,62951292928,283893760,3013140480,0,0,0,0,2126,2054,1,0,0,241,412,0,3221221376,6,9,0,1,0
19-12 15:31:06,0,0.062,99.938,0,0,918941696,62951292928,283893760,3013140480,0,0,0,0,665,342,0,0,0,93,158,0,3221221376,6,9,0,1,0
19-12 15:31:07,0.062,0.062,99.875,0,0,918925312,62951309312,283893760,3013140480,0,0,0,0,672,526,0,0,0,108,178,0,3221221376,6,9,0,1,0
19-12 15:31:08,1.001,0.501,98.498,0,0,925913088,62944321536,283893760,3013140480,0,147456,0,8,4588,3786,1,0,0,706,610,0,3221221376,6,10,0,1,0
19-12 15:31:09,1.313,0.500,98.186,0,0,921137152,62949097472,283893760,3013152768,0,0,0,0,12287,6630,0,0,0,1081,1008,0,3221221376,6,10,0,1,0
19-12 15:31:10,61.789,32.020,6.191,0,0,1304956928,62565277696,283893760,3013148672,0,0,0,0,1283,738,0,0,0,4122,2805423,0,3221221376,6,10,0,1,0
19-12 15:31:11,46.375,3.438,50.188,0,0,1623539712,62246670336,283893760,3013156864,0,0,0,0,718,588,1,0,0,5379,4355,0,3221221376,6,10,0,1,0
19-12 15:31:12,0,0.063,99.937,0,0,1623539712,62246670336,283893760,3013156864,0,0,0,0,650,358,0,0,0,103,191,0,3221221376,6,10,0,1,0
19-12 15:31:13,0,0.125,99.875,0,0,1623506944,62246703104,283893760,3013156864,0,2637824,0,396,426,334,0,0,0,292,216,0,3221221376,6,10,0,1,0
19-12 15:31:14,0.062,0,99.875,0.062,0,1623506944,62246703104,283893760,3013156864,0,172032,0,4,1736,350,0,0,0,114,177,0,3221221376,6,10,0,1,0
19-12 15:31:15,0,0.125,99.875,0,0,1623506944,62246703104,283893760,3013156864,0,0,0,0,418,580,1,0,0,85,145,0,3221221376,6,10,0,1,0
19-12 15:31:16,47.497,6.320,46.183,0,0,1636945920,62233264128,283893760,3013156864,0,0,0,0,169669761,89443410,5801,5920,4991,93042,48102,0,3221221376,6,35,4,1,33
19-12 15:31:17,80.114,11.083,8.803,0,0,1638973440,62231228416,283893760,3013165056,0,0,0,0,306350047,161735080,9827,8923,9224,165794,85897,0,3221221376,6,39,5,5,26
19-12 15:31:18,84.337,8.941,6.722,0,0,1637937152,62232264704,283893760,3013165056,0,0,0,0,312521548,164936496,10023,10501,10102,171016,81168,0,3221221376,6,40,4,7,27
19-12 15:31:19,83.777,10.963,5.260,0,0,1639555072,62230642688,283893760,3013169152,0,0,0,0,323129242,170575096,10216,10189,10138,175611,79623,0,3221221376,6,46,1,9,24
19-12 15:31:20,82.268,10.589,7.143,0,0,1640394752,62229803008,283893760,3013169152,0,90112,0,10,309406504,163224328,9503,10495,9723,168212,81568,0,3221221376,6,41,17,10,16
19-12 15:31:21,84.349,9.554,6.097,0,0,1640431616,62229766144,283893760,3013169152,0,0,0,0,295186693,155798507,10611,9311,8698,160554,76783,0,3221221376,6,42,2,10,28
19-12 15:31:22,83.207,9.848,6.944,0,0,1640370176,62229827584,283893760,3013169152,0,0,0,0,298061761,157208208,8681,8972,9498,161336,78821,0,3221221376,6,43,3,11,30
19-12 15:31:23,83.670,10.404,5.927,0,0,1641992192,62228205568,283893760,3013169152,0,0,0,0,301551198,159044350,10657,9900,8816,163005,77563,0,3221221376,6,37,2,13,31
19-12 15:31:24,84.334,9.981,5.685,0,0,1642336256,62227861504,283893760,3013169152,0,0,0,0,310744120,163935013,10932,10339,9551,168527,78805,0,3221221376,6,42,5,17,25
19-12 15:31:25,82.722,10.190,7.089,0,0,1642745856,62227451904,283893760,3013169152,0,24576,0,4,310713318,163950536,10520,10317,9698,167699,82104,0,3221221376,6,45,12,15,23
19-12 15:31:26,81.581,9.624,8.795,0,0,1643507712,62226690048,283893760,3013169152,0,0,0,0,302538237,159576892,10629,9410,9913,163721,85129,0,3221221376,6,37,22,15,14
19-12 15:31:27,42.417,5.160,52.423,0,0,1640771584,62229422080,283893760,3013173248,0,0,0,0,156310797,82580942,5013,5084,4587,85544,47024,0,3221221376,6,10,0,18,0
19-12 15:31:28,0.063,0,99.937,0,0,1640771584,62229422080,283893760,3013173248,0,0,0,0,1616,604,1,0,0,121,176,0,3221221376,6,10,0,18,0
19-12 15:31:29,0,0.062,99.938,0,0,1640771584,62229422080,283893760,3013173248,0,0,0,0,366,402,0,0,0,102,182,0,3221221376,6,10,0,18,0
19-12 15:31:30,0,0.125,99.875,0,0,1640771584,62229422080,283893760,3013173248,0,0,0,0,707,334,0,0,0,90,153,0,3221221376,6,10,0,18,0
19-12 15:31:31,0.063,0.063,99.875,0,0,1640542208,62229651456,283893760,3013173248,0,57344,0,6,834,852,1,0,0,143,207,0,3221221376,6,10,0,18,0
19-12 15:31:32,15.081,1.564,83.354,0,0,923480064,62946512896,283893760,3013373952,0,0,0,0,1348,1318,0,0,0,1187,688,0,3221221376,6,9,0,18,0
19-12 15:31:33,0,0.125,99.812,0.063,0,920367104,62948904960,283893760,3014086656,0,2703360,0,262,246,358,0,0,0,237,240,0,3221221376,6,9,0,18,0
19-12 15:31:34,0.125,0.125,99.750,0,0,920907776,62948364288,283893760,3014086656,0,0,0,0,2938,2687,0,0,0,206,202,0,3221221376,6,10,0,18,0
19-12 15:31:35,1.126,0.500,98.374,0,0,920784896,62948487168,283893760,3014094848,0,0,0,0,8722,161619,1,0,0,829,751,0,3221221376,6,10,0,18,0
19-12 15:31:36,0.063,0.063,99.875,0,0,920784896,62948487168,283893760,3014094848,0,0,0,0,13961,309068,0,0,0,367,362,0,3221221376,6,10,0,18,0
19-12 15:31:37,0,0.125,99.812,0.062,0,920625152,62948646912,283893760,3014094848,0,188416,0,4,17184,358982,0,0,0,465,487,0,3221221376,6,10,0,18,0
19-12 15:31:38,0.063,0.063,99.875,0,0,919154688,62950117376,283893760,3014086656,0,1212416,0,278,3609,56730,1,0,0,431,417,0,3221221376,6,9,0,18,0
19-12 15:31:39,0.062,0.062,99.875,0,0,919154688,62950117376,283893760,3014086656,0,0,0,0,580,358,0,0,0,92,157,0,3221221376,6,9,0,18,0
19-12 15:31:40,0,0.063,99.937,0,0,919154688,62950117376,283893760,3014086656,0,0,0,0,425,334,0,0,0,80,142,0,3221221376,6,9,0,18,0
19-12 15:31:41,0.062,0.062,99.875,0,0,919154688,62950117376,283893760,3014086656,0,0,0,0,812,564,1,0,0,110,191,0,3221221376,6,9,0,18,0
19-12 15:31:42,1.188,0.563,98.249,0,0,919900160,62949371904,283893760,3014086656,0,106496,0,4,5805,5680,0,0,0,988,896,0,3221221376,6,9,0,18,0
19-12 15:31:43,0,0.063,99.937,0,0,919678976,62949593088,283893760,3014086656,0,0,0,0,417,506,0,0,0,91,175,0,3221221376,6,10,0,18,0
19-12 15:31:44,1.314,0.438,98.248,0,0,919896064,62949371904,283893760,3014090752,0,0,0,0,5599,5364,0,0,0,955,869,0,3221221376,6,9,0,18,0
19-12 15:31:45,0.062,0.062,99.875,0,0,919638016,62949629952,283893760,3014094848,0,0,0,0,760,580,1,0,0,111,195,0,3221221376,6,9,0,18,0
19-12 15:31:46,0.062,0.125,99.813,0,0,920260608,62949003264,283893760,3014098944,0,0,0,0,2582,1743,0,0,0,196,191,0,3221221376,6,10,0,18,0
19-12 15:31:47,1.314,0.563,98.123,0,0,919932928,62949343232,283893760,3014070272,0,188416,0,10,5875,5492,0,0,0,1020,922,0,3221221376,6,10,0,18,0
19-12 15:31:48,1.374,0.437,98.189,0,0,919420928,62950772736,283893760,3013156864,0,0,0,0,4523,4209,1,0,0,829,863,0,3221221376,6,9,0,18,0
19-12 15:31:49,0,0.063,99.875,0.063,0,919420928,62950772736,283893760,3013156864,0,1884160,0,432,306,358,0,0,0,323,235,0,3221221376,6,9,0,18,0
19-12 15:31:50,0,0.125,99.875,0,0,919420928,62950772736,283893760,3013156864,0,0,0,0,879,350,0,0,0,92,155,0,3221221376,6,9,0,18,0
19-12 15:31:51,0,0.062,99.938,0,0,919420928,62950772736,283893760,3013156864,0,0,0,0,418,564,1,0,0,84,146,0,3221221376,6,9,0,18,0
19-12 15:31:52,1.375,0.500,98.125,0,0,920477696,62949715968,283893760,3013156864,0,196608,0,6,14362,6120,0,0,0,1096,943,0,3221221376,6,9,0,18,0
19-12 15:31:53,0,0,100,0,0,919314432,62950879232,283893760,3013156864,0,0,0,0,306,366,0,0,0,126,213,0,3221221376,6,9,0,18,0
19-12 15:31:54,0,0.125,99.875,0,0,919314432,62950879232,283893760,3013156864,0,0,0,0,317,1002,0,0,0,85,148,0,3221221376,6,9,0,18,0
19-12 15:31:55,21.277,10.075,68.648,0,0,1097302016,62772891648,283893760,3013156864,0,0,0,0,5915,5687,1,0,0,2104,791634,0,3221221376,6,9,0,18,0
19-12 15:31:56,69.750,30.250,0,0,0,1463500800,62406275072,283893760,3013574656,0,0,0,0,365,358,0,0,0,5219,2681364,0,3221221376,6,9,0,18,0
19-12 15:31:57,19.775,1.502,78.723,0,0,1597890560,62272303104,283893760,3013169152,0,0,0,0,828,410,0,0,0,3606,2970,0,3221221376,6,9,0,18,0
19-12 15:31:58,0,0.063,99.937,0,0,1598021632,62272172032,283893760,3013169152,0,1097728,0,14,537,588,1,0,0,101,164,0,3221221376,6,9,0,18,0
19-12 15:31:59,0,0.125,99.875,0,0,1597988864,62272204800,283893760,3013169152,0,1449984,0,332,1102,358,0,0,0,261,170,0,3221221376,6,9,0,18,0
19-12 15:32:00,0,0.063,99.937,0,0,1597988864,62272204800,283893760,3013169152,0,0,0,0,485,350,0,0,0,85,151,0,3221221376,6,9,0,18,0
19-12 15:32:01,0.062,0.062,99.875,0,0,1597988864,62272204800,283893760,3013169152,0,0,0,0,478,564,1,0,0,102,179,0,3221221376,6,9,0,18,0
19-12 15:32:02,57.871,7.712,34.417,0,0,1611546624,62258638848,283893760,3013177344,0,0,0,0,208486541,109936713,6956,6883,6202,117584,81757,0,3221221376,6,43,3,23,19
19-12 15:32:03,84.091,10.417,5.492,0,0,1613230080,62256955392,283893760,3013177344,0,0,0,0,297145503,156679583,9808,9420,9399,162986,77854,0,3221221376,6,30,5,24,32
19-12 15:32:04,82.516,10.692,6.792,0,0,1612431360,62257754112,283893760,3013177344,0,73728,0,8,308513994,162774893,10146,9870,9540,166078,81915,0,3221221376,6,36,5,25,25
19-12 15:32:05,82.409,10.404,7.188,0,0,1612828672,62257356800,283893760,3013177344,0,0,0,0,293220658,154618689,9725,9585,9475,160349,81425,0,3221221376,6,35,14,32,22
19-12 15:32:06,82.464,9.868,7.668,0,0,1613275136,62256910336,283893760,3013177344,0,0,0,0,309593532,163367757,10501,10277,9002,165564,84033,0,3221221376,6,45,4,34,22
19-12 15:32:07,83.302,9.416,7.282,0,0,1615011840,62255165440,283893760,3013177344,0,0,0,0,321387768,169654930,10119,9915,9727,173535,84837,0,3221221376,6,40,2,35,26
19-12 15:32:08,82.888,10.623,6.489,0,0,1616343040,62253834240,283893760,3013177344,0,0,0,0,319076743,168436661,10130,11135,9454,173271,83922,0,3221221376,6,41,10,41,23
19-12 15:32:09,82.936,11.041,6.023,0,0,1616183296,62253993984,283893760,3013177344,0,0,0,0,328972480,173686976,10717,10634,10040,177118,84925,0,3221221376,6,41,2,43,23
19-12 15:32:10,81.687,11.202,7.111,0,0,1616130048,62254047232,283893760,3013177344,0,24576,0,4,318572966,168170538,10530,10875,9643,173613,87035,0,3221221376,6,32,7,44,31
19-12 15:32:11,81.789,10.977,7.234,0,0,1618096128,62252081152,283893760,3013177344,0,0,0,0,334740477,176768123,10493,10572,10160,181092,88532,0,3221221376,6,42,2,43,22
19-12 15:32:12,81.230,9.575,9.195,0,0,1617461248,62252716032,283893760,3013177344,0,0,0,0,322765134,170502275,10881,10752,10331,177750,92500,0,3221221376,6,41,3,51,20
19-12 15:32:13,18.324,2.502,79.174,0,0,1615884288,62254288896,283893760,3013181440,0,0,0,0,68797270,36314525,2097,2175,2252,39044,28661,0,3221221376,6,9,0,50,0
19-12 15:32:14,0,0.062,99.938,0,0,1615880192,62254288896,283893760,3013185536,0,0,0,0,365,374,0,0,0,81,146,0,3221221376,6,9,0,50,0
19-12 15:32:15,0,0.063,99.937,0,0,1615880192,62254288896,283893760,3013185536,0,0,0,0,538,564,1,0,0,88,149,0,3221221376,6,9,0,50,0
19-12 15:32:16,0.062,0.062,99.813,0.062,0,1615880192,62254288896,283893760,3013185536,0,73728,0,8,485,342,0,0,0,106,173,0,3221221376,6,9,0,50,0
19-12 15:32:17,0,0.125,99.875,0,0,1615880192,62254288896,283893760,3013185536,0,0,0,0,366,350,0,0,0,107,214,0,3221221376,6,9,0,50,0
19-12 15:32:18,10.833,1.753,87.414,0,0,919949312,62949326848,283893760,3014070272,0,0,0,0,1386,1011,1,0,0,1118,564,0,3221221376,6,9,0,50,0
19-12 15:32:19,0.062,0.062,99.875,0,0,919941120,62949335040,283893760,3014070272,0,2146304,0,146,546,358,0,0,0,163,169,0,3221221376,6,9,0,44,0
19-12 15:32:20,0.874,0.562,98.563,0,0,921735168,62947536896,283893760,3014078464,0,0,0,0,4290,3572,0,0,0,609,605,0,3221221376,6,10,0,44,0
19-12 15:32:21,0.313,0.188,99.499,0,0,920772608,62948499456,283893760,3014082560,0,0,0,0,10486,223166,0,0,0,601,432,0,3221221376,6,10,0,41,0
19-12 15:32:22,0.063,0.125,99.812,0,0,920850432,62948421632,283893760,3014082560,0,180224,0,6,14839,290176,1,0,0,394,405,0,3221221376,6,10,0,41,0
19-12 15:32:23,0,0.063,99.937,0,0,920596480,62948675584,283893760,3014082560,0,0,0,0,6488,165130,0,0,0,209,233,0,3221221376,6,10,0,40,0
19-12 15:32:24,0.063,0.125,99.812,0,0,920150016,62949122048,283893760,3014082560,0,0,0,0,11987,229964,0,0,0,347,480,0,3221221376,6,9,1,40,0
19-12 15:32:25,0.062,0.125,99.813,0,0,919523328,62949748736,283893760,3014074368,0,0,0,0,646,650,1,0,0,158,228,0,3221221376,6,9,0,35,0
19-12 15:32:26,0.062,0.062,99.875,0,0,919523328,62949740544,283893760,3014074368,0,0,0,0,425,342,0,0,0,94,158,0,3221221376,6,9,0,35,0
19-12 15:32:27,0,0.062,99.938,0,0,919523328,62949740544,283893760,3014074368,0,0,0,0,486,394,0,0,0,102,175,0,3221221376,6,9,0,32,0
19-12 15:32:28,0.376,0.188,99.436,0,0,924557312,62944706560,283893760,3014074368,0,98304,0,4,4554,3720,1,0,0,477,474,0,3221221376,6,10,0,32,0
19-12 15:32:29,0.874,0.250,98.876,0,0,919416832,62949834752,283893760,3014078464,0,0,0,0,2474,2412,0,0,0,562,634,0,3221221376,6,9,0,32,0
19-12 15:32:30,0,0.063,99.937,0,0,919408640,62949842944,283893760,3014078464,0,1474560,0,330,305,350,0,0,0,249,153,0,3221221376,6,9,0,32,0
19-12 15:32:31,1.188,0.375,98.437,0,0,920997888,62948253696,283893760,3014078464,0,0,0,0,4717,4304,0,0,0,747,670,0,3221221376,6,10,0,32,0
19-12 15:32:32,0,0.125,99.875,0,0,919519232,62949732352,283893760,3014078464,0,0,0,0,2166,1718,1,0,0,233,413,0,3221221376,6,9,0,32,0
19-12 15:32:33,0.062,0.062,99.875,0,0,919519232,62949732352,283893760,3014078464,0,0,0,0,648,342,0,0,0,108,200,0,3221221376,6,9,0,32,0
19-12 15:32:34,0.875,0.438,98.625,0.062,0,921726976,62947524608,283893760,3014078464,0,155648,0,8,4650,3556,0,0,0,580,600,0,3221221376,6,10,0,32,0
19-12 15:32:35,1.623,0.437,97.940,0,0,925724672,62943547392,283893760,3014070272,0,1236992,0,290,5969,5680,1,0,0,1097,836,0,3221221376,6,10,0,32,0
19-12 15:32:36,0.375,0.313,99.312,0,0,918986752,62951174144,283893760,3013169152,0,0,0,0,2162,2380,0,0,0,529,567,0,3221221376,6,9,0,32,0
19-12 15:32:37,0.062,0.125,99.813,0,0,918962176,62951198720,283893760,3013169152,0,0,0,0,546,408,0,0,0,115,205,0,3221221376,6,9,0,32,0
19-12 15:32:38,0,0.063,99.937,0,0,918962176,62951198720,283893760,3013169152,0,0,0,0,657,564,1,0,0,89,153,0,3221221376,6,9,0,32,0
19-12 15:32:39,0.125,0.125,99.750,0,0,919478272,62950682624,283893760,3013169152,0,0,0,0,2269,2453,0,0,0,181,171,0,3221221376,6,10,0,32,0
19-12 15:32:40,1.188,0.438,98.374,0,0,918573056,62951587840,283893760,3013169152,0,1613824,0,324,11807,3971,0,0,0,1001,912,0,3221221376,6,9,0,32,0
19-12 15:32:41,0,0.125,99.875,0,0,918564864,62951596032,283893760,3013169152,0,0,0,0,426,358,0,0,0,105,190,0,3221221376,6,9,0,32,0
19-12 15:32:42,0,0.063,99.937,0,0,918953984,62951206912,283893760,3013169152,0,0,0,0,2004,2031,1,0,0,209,217,0,3221221376,6,10,0,32,0
19-12 15:32:43,0.062,0.062,99.875,0,0,918978560,62951182336,283893760,3013169152,0,0,0,0,768,342,0,0,0,91,156,0,3221221376,6,10,0,32,0
19-12 15:32:44,0.062,0.188,99.750,0,0,919896064,62950260736,283893760,3013173248,0,0,0,0,3716,3069,0,0,0,210,233,0,3221221376,6,11,0,32,0
19-12 15:32:45,42.527,28.705,28.768,0,0,1204170752,62665986048,283893760,3013181440,0,1359872,0,296,3018,2952,1,0,0,3832,2537905,0,3221221376,6,10,0,32,0
19-12 15:32:46,61.750,4.125,34.125,0,0,1599729664,62270414848,283893760,3013185536,0,0,0,0,819,374,0,0,0,6104,4455,0,3221221376,6,10,0,32,0
19-12 15:32:47,0,0.125,99.875,0,0,1599729664,62270414848,283893760,3013185536,0,0,0,0,606,358,0,0,0,109,186,0,3221221376,6,10,0,32,0
19-12 15:32:48,0,0.062,99.938,0,0,1599729664,62270414848,283893760,3013185536,0,0,0,0,777,564,1,0,0,91,147,0,3221221376,6,10,0,32,0
19-12 15:32:49,0,0.063,99.937,0,0,1599729664,62270414848,283893760,3013185536,0,0,0,0,306,342,0,0,0,100,178,0,3221221376,6,10,0,32,0
19-12 15:32:50,0.062,0.125,99.813,0,0,1599729664,62270414848,283893760,3013185536,0,0,0,0,305,334,0,0,0,80,141,0,3221221376,6,10,0,32,0
19-12 15:32:51,33.924,4.684,61.329,0.063,0,1613041664,62257102848,283893760,3013185536,0,1105920,0,8,121403726,64005136,4075,4142,3712,70269,51112,0,3221221376,6,38,14,39,22
19-12 15:32:52,75.625,9.622,14.753,0,0,1614319616,62255816704,283893760,3013193728,0,0,0,0,310061035,163778961,10538,10170,9592,173514,106743,0,3221221376,6,41,6,55,16
19-12 15:32:53,78.184,10.340,11.475,0,0,1613475840,62256660480,283893760,3013193728,0,0,0,0,321404952,169706136,9928,10211,9919,177816,104744,0,3221221376,6,38,13,60,20
19-12 15:32:54,77.226,10.687,12.087,0,0,1615347712,62254780416,283893760,3013193728,0,0,0,0,295335707,155862907,9758,9838,9033,165667,96649,0,3221221376,6,51,17,80,10
19-12 15:32:55,78.401,9.635,11.965,0,0,1616535552,62253592576,283893760,3013193728,0,0,0,0,302083492,159344244,10479,9908,9519,167975,101148,0,3221221376,6,35,31,83,10
19-12 15:32:56,79.530,8.964,11.507,0,0,1615933440,62254194688,283893760,3013193728,0,0,0,0,306317658,161738716,10326,9692,9583,169270,100603,0,3221221376,6,45,8,92,16
19-12 15:32:57,80.748,10.841,8.411,0,0,1616797696,62253330432,283893760,3013193728,0,73728,0,8,319324960,168606649,10892,10481,10040,177000,94736,0,3221221376,6,45,4,103,14
19-12 15:32:58,82.051,10.192,7.756,0,0,1617403904,62252724224,283893760,3013193728,0,0,0,0,334215821,176474454,11063,10621,10650,182964,96831,0,3221221376,6,50,9,108,10
19-12 15:32:59,76.618,9.994,13.389,0,0,1617141760,62252986368,283893760,3013193728,0,0,0,0,298326529,157487960,9626,9906,8121,164783,99067,0,3221221376,6,40,26,117,15
19-12 15:33:00,75.924,9.682,14.395,0,0,1619124224,62251003904,283893760,3013193728,0,0,0,0,309131989,163265729,9786,9271,9158,171057,103221,0,3221221376,6,43,6,127,26
19-12 15:33:01,80.152,10.809,9.039,0,0,1618411520,62251716608,283893760,3013193728,0,0,0,0,308257918,162635764,9909,11337,9949,171759,94502,0,3221221376,6,50,8,137,12
19-12 15:33:02,51.456,6.835,41.709,0,0,1616846848,62253277184,283893760,3013197824,0,0,0,0,195800829,103354078,7510,6849,6312,111723,73098,0,3221221376,6,10,3,140,0
19-12 15:33:03,0,0.063,99.937,0,0,1616433152,62253690880,283893760,3013197824,0,57344,0,6,46132,24121,4,0,0,153,219,0,3221221376,6,10,0,140,0
19-12 15:33:04,0,0.062,99.938,0,0,1616306176,62253817856,283893760,3013197824,0,0,0,0,485,358,0,0,0,86,151,0,3221221376,6,10,0,134,0
19-12 15:33:05,0,0.125,99.875,0,0,1616306176,62253817856,283893760,3013197824,0,0,0,0,598,564,1,1,0,107,185,0,3221221376,6,10,0,134,0
19-12 15:33:06,0.062,0.125,99.812,0,0,1616306176,62253817856,283893760,3013197824,0,0,0,0,820,350,0,0,0,104,161,0,3221221376,6,10,0,127,0
19-12 15:33:07,10.414,1.255,88.331,0,0,922759168,62947131392,283893760,3013427200,0,0,0,0,986,1281,0,0,0,1354,667,0,3221221376,6,9,1,127,0
19-12 15:33:08,0,0.063,99.937,0,0,919945216,62949273600,283893760,3014094848,0,0,0,0,1333,588,1,0,0,101,177,0,3221221376,6,9,0,123,0
19-12 15:33:09,0,0.125,99.813,0.062,0,920010752,62949208064,283893760,3014094848,0,1982464,0,70,468,342,0,0,0,149,208,0,3221221376,6,9,0,123,0
19-12 15:33:10,1.189,0.501,98.310,0,0,921710592,62947504128,283893760,3014103040,0,0,0,0,6244,48244,0,0,0,781,734,0,3221221376,6,10,0,119,0
19-12 15:33:11,0.063,0.125,99.812,0,0,920956928,62948253696,283893760,3014111232,0,0,0,0,11406,264130,0,0,0,290,322,0,3221221376,6,10,0,119,0
19-12 15:33:12,0.063,0.063,99.875,0,0,920948736,62948261888,283893760,3014111232,0,0,0,0,16426,341166,1,0,0,420,431,0,3221221376,6,10,0,111,0
19-12 15:33:13,0,0.125,99.875,0,0,920948736,62948261888,283893760,3014111232,0,0,0,0,11982,236720,0,0,0,353,354,0,3221221376,6,9,0,111,1
19-12 15:33:14,0,0.063,99.937,0,0,919113728,62950096896,283893760,3014103040,0,0,0,0,1073,1112,0,0,0,191,346,0,3221221376,6,9,0,108,0
19-12 15:33:15,0.062,0.062,99.875,0,0,919113728,62950096896,283893760,3014103040,0,163840,0,8,580,564,1,0,0,99,165,0,3221221376,6,9,0,108,0
19-12 15:33:16,0,0.125,99.875,0,0,919015424,62950195200,283893760,3014103040,0,1179648,0,268,605,358,0,0,0,234,202,0,3221221376,6,9,0,108,0
19-12 15:33:17,0.062,0.125,99.812,0,0,919523328,62949687296,283893760,3014103040,0,0,0,0,3091,2401,0,0,0,229,241,0,3221221376,6,10,0,108,0
19-12 15:33:18,1.189,0.501,98.310,0,0,919957504,62949253120,283893760,3014107136,0,0,0,0,3627,3707,1,0,0,837,860,0,3221221376,6,9,0,108,0
19-12 15:33:19,0,0.062,99.938,0,0,919658496,62949552128,283893760,3014107136,0,0,0,0,186,358,0,0,0,79,148,0,3221221376,6,9,0,108,0
19-12 15:33:20,0.063,0.063,99.875,0,0,919658496,62949552128,283893760,3014107136,0,0,0,0,725,334,0,0,0,90,156,0,3221221376,6,9,0,108,0
19-12 15:33:21,0,0.125,99.813,0.062,0,919658496,62949552128,283893760,3014107136,0,360448,0,60,821,334,0,0,0,147,195,0,3221221376,6,9,0,108,0
19-12 15:33:22,1.377,0.438,98.185,0,0,919330816,62949871616,283893760,3014098944,0,0,0,0,5636,5516,1,0,0,971,907,0,3221221376,6,9,0,108,0
19-12 15:33:23,0.062,0.062,99.875,0,0,919285760,62949916672,283893760,3014103040,0,0,0,0,520,358,0,0,0,92,168,0,3221221376,6,9,0,108,0
19-12 15:33:24,0,0.125,99.875,0,0,919285760,62949916672,283893760,3014103040,0,0,0,0,605,334,0,0,0,86,152,0,3221221376,6,9,0,108,0
19-12 15:33:25,1.126,0.626,98.248,0,0,919687168,62949527552,283893760,3014086656,0,0,0,0,6143,5500,1,0,0,889,870,0,3221221376,6,9,1,108,0
19-12 15:33:26,1.252,0.376,98.372,0,0,920580096,62948634624,283893760,3014090752,0,163840,0,8,5158,4386,0,0,0,882,759,0,3221221376,6,10,0,108,0
19-12 15:33:27,0.125,0.250,99.626,0,0,918724608,62951391232,283893760,3013181440,0,0,0,0,1582,1406,0,0,0,214,397,0,3221221376,6,9,0,108,0
19-12 15:33:28,0,0.063,99.937,0,0,918724608,62951391232,283893760,3013181440,0,0,0,0,999,564,1,0,0,96,160,0,3221221376,6,9,0,108,0
19-12 15:33:29,0,0.125,99.875,0,0,918724608,62951391232,283893760,3013181440,0,0,0,0,246,342,0,0,0,100,177,0,3221221376,6,9,0,108,0
19-12 15:33:30,0.501,0.313,99.186,0,0,921374720,62948732928,283893760,3013185536,0,0,0,0,4470,3556,0,0,0,497,474,0,3221221376,6,10,0,108,0
19-12 15:33:31,0.688,0.313,98.999,0,0,919101440,62951002112,283893760,3013185536,0,0,0,0,9738,2906,0,0,0,577,610,0,3221221376,6,9,0,108,0
19-12 15:33:32,0,0.125,99.875,0,0,919060480,62951043072,283893760,3013185536,0,221184,0,8,717,580,1,0,0,121,203,0,3221221376,6,9,0,108,0
19-12 15:33:33,0.062,0.062,99.875,0,0,919052288,62951051264,283893760,3013185536,0,0,0,0,1290,358,0,0,0,114,193,0,3221221376,6,9,0,108,0
19-12 15:33:34,0,0.125,99.875,0,0,919052288,62951051264,283893760,3013185536,0,0,0,0,365,334,0,0,0,85,147,0,3221221376,6,9,0,108,0
19-12 15:33:35,0,0.125,99.875,0,0,919052288,62951051264,283893760,3013185536,0,0,0,0,658,564,1,0,0,90,151,0,3221221376,6,9,0,108,0
19-12 15:33:36,0,0.063,99.937,0,0,919052288,62951051264,283893760,3013185536,0,0,0,0,700,342,0,0,0,102,164,0,3221221376,6,9,0,108,0
19-12 15:33:37,1.126,0.500,98.374,0,0,920653824,62949441536,283893760,3013185536,0,0,0,0,4477,4288,0,0,0,812,717,0,3221221376,6,10,0,108,0
19-12 15:33:38,63.938,32.312,3.688,0.062,0,1331404800,62538690560,283893760,3013193728,0,49152,0,4,1761,1601,1,0,0,4296,2535113,0,3221221376,6,9,0,108,0
19-12 15:33:39,37.789,3.498,58.713,0,0,1598427136,62271655936,283893760,3013197824,0,0,0,0,426,374,0,0,0,5121,4081,0,3221221376,6,9,0,108,0
19-12 15:33:40,0,0.125,99.875,0,0,1598296064,62271782912,283893760,3013201920,0,0,0,0,545,358,0,0,0,75,128,0,3221221376,6,9,0,108,0
19-12 15:33:41,0,0.063,99.937,0,0,1598296064,62271782912,283893760,3013201920,0,3424256,0,554,923,334,0,0,0,382,191,0,3221221376,6,9,0,108,0
19-12 15:33:42,0,0.063,99.937,0,0,1597788160,62272290816,283893760,3013201920,0,0,0,0,942,580,1,0,0,114,314,0,3221221376,6,9,0,108,0
19-12 15:33:43,0,0.125,99.875,0,0,1597788160,62272290816,283893760,3013201920,0,172032,0,6,186,342,0,0,0,89,147,0,3221221376,6,9,0,108,0
19-12 15:33:44,46.324,5.323,48.352,0,0,1611325440,62258753536,283893760,3013201920,0,0,0,0,177199304,93515004,5898,5796,5880,102374,75425,0,3221221376,6,44,15,127,7
19-12 15:33:45,53.987,7.848,38.165,0,0,1611927552,62258143232,283893760,3013210112,0,0,0,0,238184993,125783587,8556,8417,8409,138972,103639,0,3221221376,6,49,18,148,2
19-12 15:33:46,55.329,6.701,37.971,0,0,1612132352,62257938432,283893760,3013210112,0,0,0,0,239826735,126669022,8534,8448,8361,140217,107609,0,3221221376,6,51,12,165,6
19-12 15:33:47,56.898,6.039,37.063,0,0,1613045760,62257025024,283893760,3013210112,0,0,0,0,243854258,128800190,8629,8688,8529,142120,105353,0,3221221376,6,43,21,179,9
19-12 15:33:48,59.290,7.926,32.784,0,0,1613099008,62256971776,283893760,3013210112,0,0,0,0,256467571,135458766,8824,9113,9113,148807,109760,0,3221221376,6,51,15,202,8
19-12 15:33:49,55.382,7.447,37.171,0,0,1613664256,62256406528,283893760,3013210112,0,73728,0,8,244244643,129024731,8495,8739,8275,142499,104862,0,3221221376,6,39,18,240,4
19-12 15:33:50,61.347,7.045,31.608,0,0,1614503936,62255566848,283893760,3013210112,0,0,0,0,266957910,141032971,9686,9729,9234,154515,115047,0,3221221376,6,43,15,253,9
19-12 15:33:51,60.026,6.897,33.078,0,0,1615040512,62255030272,283893760,3013210112,0,0,0,0,267584470,141420776,9624,9648,9187,155395,112593,0,3221221376,6,49,17,270,6
19-12 15:33:52,54.946,7.339,37.715,0,0,1615540224,62254522368,283893760,3013210112,0,0,0,0,249663560,131928812,8919,9091,8784,145576,108424,0,3221221376,6,39,15,308,9
19-12 15:33:53,54.620,6.977,38.404,0,0,1616637952,62253424640,283893760,3013210112,0,0,0,0,246116547,130042337,8782,8918,8470,143558,106716,0,3221221376,6,40,23,306,6
19-12 15:33:54,54.414,7.188,38.335,0.063,0,1616781312,62253281280,283893760,3013210112,0,24576,0,4,238352381,125887355,8792,8622,7871,139119,99755,0,3221221376,6,39,21,339,5
19-12 15:33:55,25.188,2.750,72.062,0,0,1613484032,62256574464,283893760,3013214208,0,0,0,0,101585254,53621895,3498,3641,3629,58996,44162,0,3221221376,6,9,6,315,0
19-12 15:33:56,0.063,0.125,99.812,0,0,1611800576,62258257920,283893760,3013214208,0,0,0,0,90725,47857,1,4,0,188,236,0,3221221376,6,9,0,315,0
19-12 15:33:57,0.063,0.063,99.875,0,0,1611706368,62258352128,283893760,3013214208,0,0,0,0,246,350,0,0,0,123,218,0,3221221376,6,9,0,298,0
19-12 15:33:58,0,0.125,99.875,0,0,1611706368,62258352128,283893760,3013214208,0,0,0,0,597,564,1,0,0,91,151,0,3221221376,6,9,0,298,0
19-12 15:33:59,0.062,0.125,99.813,0,0,1611706368,62258352128,283893760,3013214208,0,0,0,0,1256,402,0,0,0,113,171,0,3221221376,6,9,0,286,0
19-12 15:34:00,11.606,1.506,86.888,0,0,920883200,62948802560,283893760,3013582848,0,57344,0,6,305,447,0,0,0,1104,528,0,3221221376,6,9,0,286,0
19-12 15:34:01,0,0.125,99.875,0,0,918843392,62950449152,283893760,3013971968,0,0,0,0,426,366,0,0,0,113,200,0,3221221376,6,9,0,264,0
19-12 15:34:02,0.125,0.125,99.750,0,0,919486464,62949806080,283893760,3013971968,0,1957888,0,160,2800,2549,1,0,0,295,225,0,3221221376,6,10,0,264,0
19-12 15:34:03,1.125,0.438,98.438,0,0,920223744,62949060608,283893760,3013980160,0,0,0,0,8560,145757,0,0,0,831,766,0,3221221376,6,10,0,252,0
19-12 15:34:04,0,0.188,99.812,0,0,919896064,62949388288,283893760,3013980160,0,0,0,0,7193,136170,0,0,0,216,255,0,3221221376,6,10,0,252,0
19-12 15:34:05,0.063,0.063,99.875,0,0,920150016,62949134336,283893760,3013980160,0,180224,0,4,10912,240868,1,0,0,305,378,0,3221221376,6,10,0,252,0
19-12 15:34:06,0,0.250,99.750,0,0,918798336,62950486016,283893760,3013976064,0,0,0,0,12603,229320,0,0,0,438,540,0,3221221376,6,9,0,252,0
19-12 15:34:07,0.062,0.062,99.875,0,0,918409216,62950875136,283893760,3013976064,0,0,0,0,612,466,0,0,0,120,213,0,3221221376,6,9,0,252,0
19-12 15:34:08,0,0.063,99.937,0,0,918388736,62950891520,283893760,3013980160,0,0,0,0,537,564,1,0,0,87,157,0,3221221376,6,9,0,252,0
19-12 15:34:09,0,0.125,99.875,0,0,918388736,62950891520,283893760,3013980160,0,0,0,0,983,342,0,0,0,109,180,0,3221221376,6,9,0,252,0
19-12 15:34:10,0.062,0.125,99.812,0,0,918921216,62950359040,283893760,3013980160,0,0,0,0,2306,1801,0,0,0,178,159,0,3221221376,6,10,0,252,0
19-12 15:34:11,1.127,0.438,98.372,0.063,0,918429696,62950850560,283893760,3013980160,0,122880,0,6,3598,3983,0,0,0,832,870,0,3221221376,6,9,0,252,0
19-12 15:34:12,0,0.125,99.875,0,0,918405120,62950875136,283893760,3013976064,0,1482752,0,334,1637,588,1,0,0,308,235,0,3221221376,6,9,0,252,0
19-12 15:34:13,0.062,0.125,99.813,0,0,918396928,62950883328,283893760,3013976064,0,0,0,0,641,358,0,0,0,102,188,0,3221221376,6,9,0,252,0
19-12 15:34:14,0.125,0,99.875,0,0,918396928,62950883328,283893760,3013976064,0,0,0,0,365,334,0,0,0,83,144,0,3221221376,6,9,0,252,0
19-12 15:34:15,0,0.187,99.813,0,0,918396928,62950883328,283893760,3013976064,0,0,0,0,598,564,1,0,0,90,148,0,3221221376,6,9,0,252,0
19-12 15:34:16,0.375,0.250,99.375,0,0,923344896,62945935360,283893760,3013984256,0,98304,0,4,4864,3498,0,0,0,421,476,0,3221221376,6,10,0,252,0
19-12 15:34:17,0.939,0.250,98.811,0,0,918147072,62951133184,283893760,3013980160,0,0,0,0,1486,2294,0,0,0,652,633,0,3221221376,6,9,0,252,0
19-12 15:34:18,0,0.063,99.937,0,0,918147072,62951133184,283893760,3013980160,0,0,0,0,503,658,1,0,0,109,156,0,3221221376,6,9,0,252,0
19-12 15:34:19,0,0.125,99.875,0,0,918147072,62951133184,283893760,3013980160,0,0,0,0,306,342,0,0,0,105,156,0,3221221376,6,9,0,252,0
19-12 15:34:20,1.188,0.500,98.312,0,0,920387584,62948892672,283893760,3013980160,0,0,0,0,4692,4178,0,0,0,784,660,0,3221221376,6,10,0,252,0
19-12 15:34:21,0.376,0.250,99.374,0,0,921554944,62947737600,283893760,3013963776,0,155648,0,8,5515,4606,0,0,0,695,726,0,3221221376,6,10,0,252,0
19-12 15:34:22,0.876,0.500,98.624,0,0,918310912,62951739392,283893760,3013197824,0,0,0,0,3013,2710,1,0,0,689,652,0,3221221376,6,9,0,252,0
19-12 15:34:23,0,0.125,99.875,0,0,918310912,62951739392,283893760,3013197824,0,0,0,0,246,358,0,0,0,81,146,0,3221221376,6,9,0,252,0
19-12 15:34:24,0,0.063,99.937,0,0,918310912,62951739392,283893760,3013197824,0,0,0,0,778,420,0,0,0,95,165,0,3221221376,6,9,0,252,0
19-12 15:34:25,0.125,0.062,99.812,0,0,918978560,62951071744,283893760,3013197824,0,0,0,0,2725,2211,1,0,0,207,207,0,3221221376,6,10,0,252,0
19-12 15:34:26,1.189,0.563,98.248,0,0,919175168,62950875136,283893760,3013193728,0,221184,0,8,10583,4485,0,0,0,931,883,0,3221221376,6,9,0,252,0
19-12 15:34:27,0,0.125,99.875,0,0,918376448,62951673856,283893760,3013197824,0,2031616,0,450,460,366,0,0,0,329,197,0,3221221376,6,9,0,252,0
19-12 15:34:28,0,0.063,99.937,0,0,918376448,62951673856,283893760,3013197824,0,0,0,0,597,580,1,0,0,97,160,0,3221221376,6,9,0,252,0
19-12 15:34:29,0.062,0.125,99.813,0,0,918376448,62951673856,283893760,3013197824,0,0,0,0,318,684,0,0,0,101,175,0,3221221376,6,9,0,252,0
19-12 15:34:30,0.062,0.062,99.875,0,0,918376448,62951673856,283893760,3013197824,0,0,0,0,5379,334,0,0,0,170,156,0,3221221376,6,9,0,252,0
19-12 15:34:31,0,0.125,99.875,0,0,918376448,62951673856,283893760,3013197824,0,0,0,0,782,562,0,0,0,135,181,0,3221221376,6,9,0,252,0
19-12 15:34:32,0,0.125,99.812,0.062,0,918376448,62951673856,283893760,3013197824,0,40960,0,4,537,624,1,0,0,118,206,0,3221221376,6,9,0,252,0
19-12 15:34:33,0,0.125,99.875,0,0,918376448,62951673856,283893760,3013197824,0,0,0,0,786,358,0,0,0,106,176,0,3221221376,6,9,0,252,0
19-12 15:34:34,7.268,1.692,91.040,0,0,1019822080,62850228224,283893760,3013197824,0,0,0,0,5796,5379,0,0,0,1174,862,0,3221221376,6,9,1,252,0
19-12 15:34:35,65.312,34.688,0,0,0,1339412480,62531051520,283893760,3012792320,0,0,0,0,304,588,1,0,0,4534,2863404,0,3221221376,6,9,0,252,0
19-12 15:34:36,40.162,3.186,56.652,0,0,1597079552,62272958464,283893760,3013210112,0,0,0,0,305,358,0,0,0,4969,3896,0,3221221376,6,9,0,252,0
19-12 15:34:37,0,0.125,99.875,0,0,1597079552,62272958464,283893760,3013210112,0,0,0,0,186,418,0,0,0,117,222,0,3221221376,6,9,0,252,0
19-12 15:34:38,0,0.125,99.875,0,0,1597206528,62272827392,283893760,3013214208,0,1105920,0,10,417,564,1,0,0,102,172,0,3221221376,6,9,0,252,0
19-12 15:34:39,0.063,0.125,99.812,0,0,1597214720,62272819200,283893760,3013214208,0,0,0,0,126,561,0,0,0,100,168,0,3221221376,6,9,0,252,0
19-12 15:34:40,0,0.062,99.938,0,0,1597341696,62272692224,283893760,3013214208,0,0,0,0,520,334,0,0,0,118,155,0,3221221376,6,9,0,252,0
19-12 15:34:41,35.591,5.112,59.297,0,0,1610878976,62259154944,283893760,3013214208,0,0,0,0,141588124,74701084,5072,5153,4844,84329,68423,0,3221221376,6,35,22,267,7
19-12 15:34:42,52.228,6.591,41.180,0,0,1611481088,62258536448,283893760,3013222400,0,0,0,0,215032110,113483969,7799,7527,7416,125782,91288,0,3221221376,6,50,12,280,5
19-12 15:34:43,58.694,8.035,33.271,0,0,1612124160,62257893376,283893760,3013222400,0,0,0,0,242869800,128190211,8734,8736,8233,140558,103853,0,3221221376,6,46,14,303,9
19-12 15:34:44,55.812,6.808,37.380,0,0,1613008896,62257008640,283893760,3013222400,0,73728,0,8,237780414,125559175,8736,8320,8101,138465,101079,0,3221221376,6,51,17,313,7
19-12 15:34:45,51.634,6.406,41.960,0,0,1612541952,62257475584,283893760,3013222400,0,0,0,0,223149080,117846967,7986,8000,7799,130921,93526,0,3221221376,6,46,19,338,4
19-12 15:34:46,49.566,6.514,43.921,0,0,1613115392,62256902144,283893760,3013222400,0,0,0,0,210230579,110988735,7444,7434,7153,123849,93537,0,3221221376,6,41,27,313,1
19-12 15:34:47,47.604,6.596,45.800,0,0,1613074432,62256943104,283893760,3013222400,0,0,0,0,200412597,105778180,7103,7084,7273,118210,88561,0,3221221376,6,41,20,343,1
19-12 15:34:48,52.417,6.717,40.866,0,0,1614036992,62255980544,283893760,3013222400,0,0,0,0,217804967,114940374,8006,7659,7636,127275,94872,0,3221221376,6,38,22,323,6
19-12 15:34:49,45.107,6.085,48.808,0,0,1613598720,62256418816,283893760,3013222400,0,0,0,0,185872706,98045743,6751,6786,6399,109780,79958,0,3221221376,6,37,27,337,3
19-12 15:34:50,49.032,7.058,43.848,0.062,0,1614802944,62255214592,283893760,3013222400,0,24576,0,4,205437393,108402060,7325,7272,7185,120492,89022,0,3221221376,6,37,25,313,7
19-12 15:34:51,52.086,6.890,41.024,0,0,1615798272,62254219264,283893760,3013222400,0,0,0,0,219077046,115613848,7659,7729,7537,127891,95750,0,3221221376,6,45,17,335,4
19-12 15:34:52,26.515,3.788,69.697,0,0,1612754944,62257258496,283893760,3013226496,0,0,0,0,107582288,56739978,3804,3835,3586,62640,49642,0,3221221376,6,10,3,291,0
19-12 15:34:53,0.063,0.063,99.875,0,0,1610502144,62259511296,283893760,3013226496,0,0,0,0,60386,32040,4,1,1,160,230,0,3221221376,6,9,0,292,0
19-12 15:34:54,0.062,0.062,99.875,0,0,1610502144,62259511296,283893760,3013226496,0,0,0,0,1101,358,0,0,0,105,163,0,3221221376,6,9,0,240,0
19-12 15:34:55,0,0.125,99.875,0,0,1610502144,62259511296,283893760,3013226496,0,0,0,0,2156,564,1,0,0,100,152,0,3221221376,6,9,0,240,0
19-12 15:34:56,0,0.063,99.937,0,0,1610502144,62259511296,283893760,3013226496,0,57344,0,6,365,342,0,0,0,109,165,0,3221221376,6,9,0,220,0
19-12 15:34:57,11.606,1.255,87.139,0,0,921812992,62947876864,283893760,3013545984,0,0,0,0,486,463,0,0,0,1203,622,0,3221221376,6,9,0,220,0
19-12 15:34:58,0,0.063,99.937,0,0,919207936,62950121472,283893760,3013902336,0,2490368,0,330,717,588,1,0,0,258,185,0,3221221376,6,9,0,220,0
19-12 15:34:59,0,0.125,99.875,0,0,919207936,62950121472,283893760,3013902336,0,0,0,0,402,506,0,0,0,84,143,0,3221221376,6,9,1,220,0
19-12 15:35:00,0.125,0.125,99.750,0,0,919748608,62949580800,283893760,3013902336,0,0,0,0,4272,3617,0,0,0,197,178,0,3221221376,6,10,0,220,0
19-12 15:35:01,0.438,0.250,99.311,0,0,923283456,62946045952,283893760,3013902336,0,0,0,0,2444,1837,0,0,0,396,477,0,3221221376,6,10,0,220,0
19-12 15:35:02,0.749,0.312,98.876,0.062,0,919896064,62949433344,283893760,3013910528,0,876544,0,153,2549,36224,1,0,0,647,540,0,3221221376,6,10,0,220,0
19-12 15:35:03,0.063,0.063,99.875,0,0,919887872,62949441536,283893760,3013910528,0,0,0,0,2524,45010,0,0,0,131,187,0,3221221376,6,10,0,220,0
19-12 15:35:04,0,0.125,99.875,0,0,919887872,62949441536,283893760,3013910528,0,0,0,0,3945,51948,0,0,0,139,192,0,3221221376,6,10,0,220,0
19-12 15:35:05,0,0.063,99.937,0,0,919883776,62949441536,283893760,3013914624,0,0,0,0,2872,42462,1,0,0,153,213,0,3221221376,6,10,0,220,0
19-12 15:35:06,0.062,0.250,99.688,0,0,919883776,62949441536,283893760,3013914624,0,0,0,0,11825,227196,0,0,0,323,350,0,3221221376,6,10,0,220,0
19-12 15:35:07,0.063,0.125,99.812,0,0,920010752,62949314560,283893760,3013914624,0,147456,0,6,13428,258596,0,0,0,356,427,0,3221221376,6,10,0,220,0
19-12 15:35:08,0.125,0.062,99.750,0.062,0,918437888,62950887424,283893760,3013906432,0,73728,0,6,1929,1350,1,0,0,209,380,0,3221221376,6,9,0,220,0
19-12 15:35:09,0,0.125,99.875,0,0,918437888,62950887424,283893760,3013906432,0,0,0,0,460,358,0,0,0,101,184,0,3221221376,6,9,0,220,0
19-12 15:35:10,0,0.063,99.937,0,0,918437888,62950887424,283893760,3013906432,0,0,0,0,545,334,0,0,0,81,137,0,3221221376,6,9,0,220,0
19-12 15:35:11,0.125,0.125,99.750,0,0,918953984,62950371328,283893760,3013906432,0,0,0,0,2679,2561,0,0,0,188,176,0,3221221376,6,10,0,220,0
19-12 15:35:12,1.001,0.563,98.436,0,0,917938176,62951387136,283893760,3013910528,0,0,0,0,3490,3375,1,0,0,845,869,0,3221221376,6,9,0,220,0
19-12 15:35:13,0.062,0.125,99.812,0,0,917938176,62951387136,283893760,3013906432,0,1622016,0,350,528,358,0,0,0,280,201,0,3221221376,6,9,0,220,0
19-12 15:35:14,0,0.063,99.937,0,0,917938176,62951387136,283893760,3013906432,0,0,0,0,820,350,0,0,0,92,143,0,3221221376,6,9,0,220,0
19-12 15:35:15,0,0.063,99.937,0,0,917938176,62951387136,283893760,3013906432,0,0,0,0,418,564,1,0,0,82,143,0,3221221376,6,9,0,220,0
19-12 15:35:16,0.062,0.125,99.813,0,0,917929984,62951395328,283893760,3013906432,0,0,0,0,365,342,0,0,0,89,156,0,3221221376,6,9,0,220,0
19-12 15:35:17,0,0.063,99.937,0,0,917929984,62951395328,283893760,3013906432,0,0,0,0,856,334,0,0,0,122,222,0,3221221376,6,9,0,220,0
19-12 15:35:18,0,0.125,99.875,0,0,917929984,62951395328,283893760,3013906432,0,0,0,0,477,564,1,0,0,82,147,0,3221221376,6,9,0,220,0
19-12 15:35:19,0.063,0.063,99.875,0,0,918986752,62950338560,283893760,3013906432,0,32768,0,4,2127,1809,0,0,0,184,177,0,3221221376,6,10,0,220,0
19-12 15:35:20,1.064,0.563,98.373,0,0,917696512,62951628800,283893760,3013906432,0,0,0,0,4223,3975,0,0,0,840,851,0,3221221376,6,9,0,220,0
19-12 15:35:21,0.062,0.125,99.813,0,0,917467136,62951858176,283893760,3013906432,0,0,0,0,588,358,0,0,0,99,180,0,3221221376,6,9,0,220,0
19-12 15:35:22,0,0.063,99.937,0,0,917450752,62951874560,283893760,3013906432,0,0,0,0,768,704,1,0,0,103,178,0,3221221376,6,10,0,220,0
19-12 15:35:23,1.312,0.562,98.125,0,0,918867968,62950473728,283893760,3013894144,0,0,0,0,5464,5294,0,0,0,936,871,0,3221221376,6,9,0,220,0
19-12 15:35:24,0,0.063,99.937,0,0,917737472,62951604224,283893760,3013890048,0,1269760,0,288,425,358,0,0,0,228,146,0,3221221376,6,9,0,220,0
19-12 15:35:25,0.625,0.312,99,0.062,0,921481216,62947860480,283893760,3013898240,0,172032,0,4,4463,3868,1,0,0,457,498,0,3221221376,6,10,0,220,0
19-12 15:35:26,0.750,0.250,98.999,0,0,918425600,62951596032,283893760,3013210112,0,0,0,0,1707,2302,0,0,0,581,583,0,3221221376,6,9,0,220,0
19-12 15:35:27,0,0.125,99.875,0,0,918409216,62951612416,283893760,3013210112,0,0,0,0,366,350,0,0,0,92,168,0,3221221376,6,9,0,220,0
19-12 15:35:28,0,0.063,99.937,0,0,918409216,62951612416,283893760,3013210112,0,0,0,0,597,564,1,0,0,83,145,0,3221221376,6,9,0,220,0
19-12 15:35:29,0,0.063,99.937,0,0,918409216,62951612416,283893760,3013210112,0,1024000,0,240,863,342,0,0,0,235,219,0,3221221376,6,9,0,220,0
19-12 15:35:30,0.062,0.062,99.875,0,0,918409216,62951612416,283893760,3013210112,0,0,0,0,639,350,0,0,0,98,164,0,3221221376,6,9,0,220,0
19-12 15:35:31,0.188,0.125,99.688,0,0,918925312,62951096320,283893760,3013210112,0,196608,0,4,2383,2319,0,0,0,210,209,0,3221221376,6,10,0,220,0
19-12 15:35:32,1.126,0.563,98.310,0,0,918368256,62951653376,283893760,3013210112,0,0,0,0,10363,4163,1,0,0,852,906,0,3221221376,6,9,0,220,0
19-12 15:35:33,0,0.063,99.937,0,0,918257664,62951763968,283893760,3013210112,0,0,0,0,880,358,0,0,0,102,179,0,3221221376,6,9,0,220,0
19-12 15:35:34,0,0.063,99.937,0,0,918257664,62951763968,283893760,3013210112,0,1130496,0,258,1499,334,0,0,0,243,167,0,3221221376,6,9,0,220,0
19-12 15:35:35,0,0.063,99.937,0,0,918253568,62951763968,283893760,3013214208,0,0,0,0,478,580,1,0,0,83,138,0,3221221376,6,9,0,220,0
19-12 15:35:36,0.062,0.125,99.812,0,0,918245376,62951772160,283893760,3013214208,0,0,0,0,1153,342,0,0,0,100,163,0,3221221376,6,9,0,220,0
19-12 15:35:37,0,0.062,99.875,0.062,0,918237184,62951780352,283893760,3013214208,0,122880,0,6,708,400,0,0,0,127,213,0,3221221376,6,9,0,220,0
19-12 15:35:38,0.062,0.125,99.813,0,0,918237184,62951780352,283893760,3013214208,0,0,0,0,1119,580,1,0,0,94,148,0,3221221376,6,9,0,220,0
19-12 15:35:39,0,0.063,99.937,0,0,918237184,62951780352,283893760,3013214208,0,0,0,0,306,342,0,0,0,72,131,0,3221221376,6,9,0,220,0
19-12 15:35:40,0,0.063,99.937,0,0,918237184,62951780352,283893760,3013214208,0,0,0,0,545,334,0,0,0,83,139,0,3221221376,6,9,0,220,0
19-12 15:35:41,0,0.125,99.875,0,0,918237184,62951780352,283893760,3013214208,0,0,0,0,186,334,0,0,0,102,169,0,3221221376,6,9,0,209,0
19-12 15:35:42,0.062,0.062,99.875,0,0,918237184,62951780352,283893760,3013214208,0,0,0,0,942,564,1,0,0,107,175,0,3221221376,6,9,0,209,0
19-12 15:35:43,1.315,0.438,98.247,0,0,920481792,62949535744,283893760,3013214208,0,24576,0,4,4117,4296,0,0,0,829,656,0,3221221376,6,10,0,176,0
19-12 15:35:44,65.334,31.605,3.061,0,0,1351155712,62518861824,283893760,3013222400,0,1007616,0,230,2266,1527,0,0,0,4645,2684074,0,3221221376,6,9,0,176,0
19-12 15:35:45,35.210,3.002,61.789,0,0,1597378560,62272634880,283893760,3013226496,0,0,0,0,880,596,1,0,0,4612,4064,0,3221221376,6,9,0,139,0
19-12 15:35:46,0,0.125,99.875,0,0,1597378560,62272634880,283893760,3013226496,0,0,0,0,365,358,0,0,0,93,152,0,3221221376,6,9,0,139,0
19-12 15:35:47,0,0.063,99.937,0,0,1597378560,62272634880,283893760,3013226496,0,0,0,0,186,334,0,0,0,107,182,0,3221221376,6,9,0,93,0
19-12 15:35:48,0.062,0.062,99.875,0,0,1597378560,62272634880,283893760,3013226496,0,0,0,0,992,564,1,0,0,90,147,0,3221221376,6,9,0,93,0
19-12 15:35:49,0.062,0.062,99.875,0,0,1597444096,62272569344,283893760,3013226496,0,1114112,0,8,546,342,0,0,0,126,189,0,3221221376,6,9,0,52,0
19-12 15:35:50,35.313,4.927,59.760,0,0,1609699328,62260314112,283893760,3013226496,0,0,0,0,132707159,69976464,4794,4954,4593,78960,58125,0,3221221376,6,37,25,65,4
19-12 15:35:51,42.169,5.770,52.061,0,0,1611309056,62258696192,283893760,3013234688,0,0,0,0,170842206,90081802,6246,6124,6226,101575,72633,0,3221221376,6,42,24,83,2
19-12 15:35:52,46.275,6.944,46.780,0,0,1612324864,62257680384,283893760,3013234688,0,0,0,0,193617035,102157521,6774,6863,6557,114124,81812,0,3221221376,6,34,28,61,3
19-12 15:35:53,42.036,5.497,52.467,0,0,1611849728,62258155520,283893760,3013234688,0,0,0,0,165670566,87362816,5936,6035,5693,98707,64857,0,3221221376,6,31,34,76,2
19-12 15:35:54,43.574,6.019,50.408,0,0,1612341248,62257664000,283893760,3013234688,0,0,0,0,175392053,92524118,6166,6332,6157,104226,70873,0,3221221376,6,41,25,76,3
19-12 15:35:55,48.293,5.247,46.397,0.063,0,1613180928,62256824320,283893760,3013234688,0,65536,0,6,197571182,104254206,7022,7198,6761,116317,84125,0,3221221376,6,41,28,98,1
19-12 15:35:56,43.797,5.253,50.949,0,0,1612914688,62257090560,283893760,3013234688,0,0,0,0,175535375,92581268,6349,6328,6390,104363,75290,0,3221221376,6,33,33,112,4
19-12 15:35:57,45.197,5.738,49.065,0,0,1614229504,62255775744,283893760,3013234688,0,0,0,0,189255990,99834646,6838,6794,6507,111378,79562,0,3221221376,6,44,24,125,3
19-12 15:35:58,45.905,5.905,48.190,0,0,1614016512,62255988736,283893760,3013234688,0,0,0,0,189970669,100197865,6955,6800,6386,111840,79627,0,3221221376,6,41,25,137,5
19-12 15:35:59,44.368,5.945,49.687,0,0,1614270464,62255734784,283893760,3013234688,0,0,0,0,179687976,94768748,6358,6401,6181,106189,75541,0,3221221376,6,33,32,162,0
19-12 15:36:00,44.051,5.443,50.506,0,0,1614524416,62255480832,283893760,3013234688,0,0,0,0,177538213,93650362,6491,6401,6375,105227,71387,0,3221221376,6,36,31,176,4
19-12 15:36:01,17.032,1.941,81.027,0,0,1608986624,62261014528,283893760,3013238784,0,24576,0,4,63041668,33227697,2203,2121,2130,37825,27573,0,3221221376,6,9,7,180,0
19-12 15:36:02,0.125,0.063,99.812,0,0,1607839744,62262157312,283893760,3013242880,0,0,0,0,105947,56004,7,4,6,230,292,0,3221221376,6,9,0,180,0
19-12 15:36:03,0,0.125,99.875,0,0,1607839744,62262157312,283893760,3013242880,0,0,0,0,366,358,0,0,0,81,144,0,3221221376,6,9,0,180,0
19-12 15:36:04,0,0.063,99.937,0,0,1607839744,62262157312,283893760,3013242880,0,0,0,0,767,334,0,0,0,87,151,0,3221221376,6,9,0,180,0
19-12 15:36:05,0,0.125,99.875,0,0,1607839744,62262157312,283893760,3013242880,0,0,0,0,598,564,1,0,0,113,191,0,3221221376,6,9,0,180,0
19-12 15:36:06,11.613,1.193,87.194,0,0,920764416,62948921344,283893760,3013550080,0,98304,0,8,425,455,0,0,0,1124,519,0,3221221376,6,9,0,180,0
19-12 15:36:07,0.062,0.062,99.875,0,0,918900736,62950490112,283893760,3013840896,0,0,0,0,700,366,0,0,0,99,190,0,3221221376,6,9,0,180,0
19-12 15:36:08,0.125,0.125,99.750,0,0,919535616,62949855232,283893760,3013840896,0,0,0,0,2412,2549,1,0,0,181,175,0,3221221376,6,10,0,180,0
19-12 15:36:09,1.064,0.376,98.560,0,0,920649728,62948741120,283893760,3013849088,0,0,0,0,7542,84931,0,0,0,824,795,0,3221221376,6,10,0,180,0
19-12 15:36:10,0.062,0.125,99.812,0,0,920498176,62948892672,283893760,3013849088,0,0,0,0,10319,198788,0,0,0,292,350,0,3221221376,6,10,0,180,0
19-12 15:36:11,0,0.125,99.812,0.063,0,920559616,62948831232,283893760,3013849088,0,1384448,0,68,10944,203090,0,0,0,344,370,0,3221221376,6,10,0,180,0
19-12 15:36:12,0.063,0.125,99.812,0,0,918904832,62950486016,283893760,3013844992,0,0,0,0,5814,87822,1,0,0,326,494,0,3221221376,6,9,0,180,0
19-12 15:36:13,0,0.062,99.938,0,0,918573056,62950817792,283893760,3013844992,0,0,0,0,700,402,0,0,0,103,180,0,3221221376,6,9,0,180,0
19-12 15:36:14,0.062,0.062,99.875,0,0,918573056,62950817792,283893760,3013844992,0,0,0,0,365,334,0,0,0,79,135,0,3221221376,6,9,0,180,0
19-12 15:36:15,0,0.125,99.875,0,0,918573056,62950817792,283893760,3013844992,0,65536,0,16,478,564,1,0,0,94,144,0,3221221376,6,9,0,180,0
19-12 15:36:16,1.063,0.563,98.374,0,0,924426240,62944964608,283893760,3013849088,0,106496,0,4,4692,3580,0,0,0,689,597,0,3221221376,6,10,0,180,0
19-12 15:36:17,0.188,0.188,99.625,0,0,918446080,62950944768,283893760,3013840896,0,0,0,0,1296,2416,0,0,0,400,486,0,3221221376,6,9,0,180,0
19-12 15:36:18,0,0.063,99.937,0,0,918310912,62951079936,283893760,3013840896,0,0,0,0,932,564,1,0,0,100,162,0,3221221376,6,9,0,180,0
19-12 15:36:19,0,0.125,99.875,0,0,918310912,62951079936,283893760,3013840896,0,0,0,0,606,342,0,0,0,86,147,0,3221221376,6,9,0,180,0
19-12 15:36:20,0.062,0.062,99.875,0,0,918310912,62951079936,283893760,3013840896,0,147456,0,30,485,334,0,0,0,100,139,0,3221221376,6,9,0,180,0
19-12 15:36:21,0,0.125,99.875,0,0,918310912,62951079936,283893760,3013840896,0,0,0,0,761,350,0,0,0,105,179,0,3221221376,6,9,0,180,0
19-12 15:36:22,0.062,0.062,99.875,0,0,918310912,62951079936,283893760,3013840896,0,90112,0,4,1052,564,1,0,0,115,197,0,3221221376,6,9,0,180,0
19-12 15:36:23,0,0.125,99.875,0,0,918310912,62951079936,283893760,3013840896,0,0,0,0,246,418,0,0,0,79,135,0,3221221376,6,9,0,180,0
19-12 15:36:24,0,0.062,99.938,0,0,918310912,62951079936,283893760,3013840896,0,0,0,0,819,334,0,0,0,87,141,0,3221221376,6,9,0,180,0
19-12 15:36:25,0,0.125,99.875,0,0,918310912,62951079936,283893760,3013840896,0,0,0,0,880,564,1,0,0,109,179,0,3221221376,6,9,0,180,0
19-12 15:36:26,1.190,0.501,98.309,0,0,918859776,62950526976,283893760,3013840896,0,0,0,0,5764,5500,0,0,0,888,851,0,3221221376,6,9,0,180,0
19-12 15:36:27,0,0.063,99.937,0,0,917921792,62951464960,283893760,3013844992,0,0,0,0,708,358,0,0,0,112,220,0,3221221376,6,9,0,180,0
19-12 15:36:28,0.062,0.062,99.812,0.062,0,917913600,62951473152,283893760,3013844992,0,147456,0,8,357,564,1,0,0,92,155,0,3221221376,6,9,0,180,0
19-12 15:36:29,0.125,0.188,99.688,0,0,918884352,62950502400,283893760,3013844992,0,0,0,0,3143,3451,0,0,0,257,246,0,3221221376,6,10,0,180,0
19-12 15:36:30,0.939,0.689,98.372,0,0,918667264,62950739968,283893760,3013828608,0,2080768,0,452,4996,4622,0,0,0,1167,890,0,3221221376,6,10,0,180,0
19-12 15:36:31,1.376,0.313,98.311,0,0,917938176,62952071168,283893760,3013226496,0,0,0,0,3998,4189,0,0,0,794,879,0,3221221376,6,9,0,180,0
19-12 15:36:32,0,0.063,99.937,0,0,917909504,62952095744,283893760,3013226496,0,0,0,0,477,580,1,0,0,97,175,0,3221221376,6,9,0,180,0
19-12 15:36:33,0,0.125,99.875,0,0,917909504,62952095744,283893760,3013226496,0,0,0,0,641,342,0,0,0,104,178,0,3221221376,6,9,0,180,0
19-12 15:36:34,0.063,0.063,99.875,0,0,917909504,62952095744,283893760,3013226496,0,212992,0,6,699,334,0,0,0,96,154,0,3221221376,6,9,0,180,0
19-12 15:36:35,0.876,0.250,98.874,0,0,919592960,62950412288,283893760,3013226496,0,0,0,0,4577,3802,1,0,0,516,494,0,3221221376,6,10,0,180,0
19-12 15:36:36,0.438,0.250,99.312,0,0,917778432,62952226816,283893760,3013230592,0,0,0,0,9743,2914,0,0,0,490,575,0,3221221376,6,9,0,180,0
19-12 15:36:37,0,0.063,99.937,0,0,917762048,62952243200,283893760,3013230592,0,0,0,0,862,342,0,0,0,125,215,0,3221221376,6,9,0,180,0
19-12 15:36:38,0.062,0.125,99.813,0,0,917753856,62952251392,283893760,3013230592,0,0,0,0,477,564,1,0,0,75,131,0,3221221376,6,9,0,180,0
19-12 15:36:39,0,0.063,99.937,0,0,917753856,62952251392,283893760,3013230592,0,0,0,0,186,342,0,0,0,79,141,0,3221221376,6,9,0,180,0
19-12 15:36:40,0,0.062,99.875,0.062,0,917753856,62952251392,283893760,3013230592,0,98304,0,6,605,334,0,0,0,94,153,0,3221221376,6,9,0,180,0
19-12 15:36:41,0,0.125,99.875,0,0,917753856,62952251392,283893760,3013226496,0,0,0,0,486,350,0,0,0,97,170,0,3221221376,6,9,0,180,0
19-12 15:36:42,0,0.125,99.875,0,0,917753856,62952251392,283893760,3013226496,0,0,0,0,1224,564,1,0,0,115,185,0,3221221376,6,9,0,180,0
19-12 15:36:43,0,0.063,99.937,0,0,917753856,62952251392,283893760,3013226496,0,0,0,0,426,342,0,0,0,79,141,0,3221221376,6,9,0,180,0
19-12 15:36:44,0.062,0.062,99.875,0,0,917753856,62952251392,283893760,3013226496,0,0,0,0,485,334,0,0,0,83,142,0,3221221376,6,9,0,180,0
19-12 15:36:45,0,0.125,99.875,0,0,917753856,62952251392,283893760,3013226496,0,0,0,0,700,564,1,0,0,106,177,0,3221221376,6,9,0,180,0
19-12 15:36:46,0,0.125,99.875,0,0,917753856,62952251392,283893760,3013226496,0,24576,0,4,485,342,0,0,0,98,157,0,3221221376,6,9,0,180,0
19-12 15:36:47,0,0.125,99.875,0,0,917753856,62952251392,283893760,3013226496,0,0,0,0,246,350,0,0,0,91,163,0,3221221376,6,9,0,180,0
19-12 15:36:48,11.125,2.312,86.562,0,0,1060737024,62809268224,283893760,3013222400,0,0,0,0,7105,5687,1,0,0,1401,91669,0,3221221376,6,9,0,180,0
19-12 15:36:49,66,34,0,0,0,1407053824,62462951424,283893760,3013234688,0,0,0,0,246,358,0,0,0,4608,3055845,0,3221221376,6,9,0,180,0
19-12 15:36:50,29.838,2.185,67.978,0,0,1596600320,62273400832,283893760,3013238784,0,0,0,0,845,350,0,0,0,4534,3918,0,3221221376,6,9,0,180,0
19-12 15:36:51,0,0.125,99.875,0,0,1596567552,62273433600,283893760,3013238784,0,2539520,0,372,246,358,0,0,0,300,221,0,3221221376,6,9,0,161,0
19-12 15:36:52,0,0,100,0,0,1596567552,62273433600,283893760,3013238784,0,188416,0,4,717,580,1,0,0,108,185,0,3221221376,6,9,0,161,0
19-12 15:36:53,0.062,0.062,99.875,0,0,1596567552,62273433600,283893760,3013238784,0,0,0,0,1325,358,0,0,0,126,199,0,3221221376,6,9,0,123,0
19-12 15:36:54,0,0.062,99.938,0,0,1596567552,62273433600,283893760,3013238784,0,0,0,0,647,400,0,0,0,83,137,0,3221221376,6,9,0,123,0
19-12 15:36:55,29.073,4.073,66.855,0,0,1608937472,62261059584,283893760,3013242880,0,0,0,0,103580651,54591628,3708,3668,3668,63107,45234,0,3221221376,6,29,36,106,5
19-12 15:36:56,40.330,5.770,53.900,0,0,1610182656,62259810304,283893760,3013246976,0,0,0,0,161767690,85300598,5884,5867,5691,96640,68269,0,3221221376,6,24,31,129,7
19-12 15:36:57,42.033,5.704,52.263,0,0,1611059200,62258933760,283893760,3013246976,0,0,0,0,163739102,86348317,5708,6128,5366,97706,69061,0,3221221376,6,36,30,102,5
19-12 15:36:58,41.862,5.003,53.072,0.063,0,1611313152,62258679808,283893760,3013246976,0,73728,0,8,165898224,87494960,5906,6112,6010,99004,68400,0,3221221376,6,37,27,121,9
19-12 15:36:59,41.825,5.957,52.218,0,0,1611497472,62258495488,283893760,3013246976,0,0,0,0,169148313,89208382,6122,6110,5771,100485,70421,0,3221221376,6,38,27,106,3
19-12 15:37:00,37.221,5.290,57.489,0,0,1611694080,62258298880,283893760,3013246976,0,0,0,0,146611030,77280197,5106,5443,5332,87749,57750,0,3221221376,6,35,35,110,4
19-12 15:37:01,39.772,4.877,55.351,0,0,1612115968,62257872896,283893760,3013251072,0,0,0,0,154877432,81649290,5582,5432,5273,92446,59458,0,3221221376,6,36,30,91,5
19-12 15:37:02,37.484,5.094,57.421,0,0,1612234752,62257754112,283893760,3013251072,0,0,0,0,142699293,75198892,5117,5428,5138,85787,55004,0,3221221376,6,31,36,113,2
19-12 15:37:03,39.885,5.105,55.010,0,0,1613258752,62256730112,283893760,3013251072,0,0,0,0,158081516,83345072,5637,5762,5540,94160,63354,0,3221221376,6,34,34,120,5
19-12 15:37:04,35.327,4.219,60.453,0,0,1613029376,62256959488,283893760,3013251072,0,57344,0,6,128421697,67651022,4623,4828,4240,77555,47709,0,3221221376,6,29,38,137,3
19-12 15:37:05,43.827,5.864,50.309,0,0,1613053952,62256934912,283893760,3013251072,0,0,0,0,172594983,91007436,6439,6219,5934,102365,71253,0,3221221376,6,44,22,147,7
19-12 15:37:06,15.438,2.394,82.168,0,0,1609334784,62260649984,283893760,3013255168,0,0,0,0,62799109,33116442,2202,2300,2063,37588,28070,0,3221221376,6,9,6,160,0
19-12 15:37:07,0,0.125,99.875,0,0,1607684096,62262300672,283893760,3013255168,0,0,0,0,91074,47984,4,7,0,192,249,0,3221221376,6,9,0,160,0
19-12 15:37:08,0,0.063,99.937,0,0,1607684096,62262300672,283893760,3013255168,0,0,0,0,597,580,1,0,0,93,160,0,3221221376,6,9,0,160,0
19-12 15:37:09,0.062,0.062,99.875,0,0,1607651328,62262333440,283893760,3013255168,0,0,0,0,246,342,0,0,0,94,169,0,3221221376,6,9,0,160,0
19-12 15:37:10,0,0.125,99.875,0,0,1607651328,62262333440,283893760,3013255168,0,57344,0,6,365,334,0,0,0,87,146,0,3221221376,6,9,0,160,0
19-12 15:37:11,12.539,1.630,85.831,0,0,920072192,62949560320,283893760,3013599232,0,0,0,0,760,463,0,0,0,1090,522,0,3221221376,6,9,0,160,0
19-12 15:37:12,0,0.125,99.875,0,0,918810624,62950629376,283893760,3013791744,0,0,0,0,822,588,1,0,0,111,192,0,3221221376,6,9,0,160,0
19-12 15:37:13,0.813,0.375,98.812,0,0,920203264,62949236736,283893760,3013791744,0,0,0,0,4453,3624,0,0,0,577,600,0,3221221376,6,10,0,160,0
19-12 15:37:14,0.438,0.188,99.374,0,0,919666688,62949773312,283893760,3013799936,0,0,0,0,8713,149082,0,0,0,529,439,0,3221221376,6,10,0,160,0
19-12 15:37:15,0,0.125,99.875,0,0,919658496,62949781504,283893760,3013799936,0,0,0,0,10468,196046,1,0,0,308,380,0,3221221376,6,10,0,160,0
19-12 15:37:16,0.188,0.062,99.750,0,0,918503424,62950936576,283893760,3013799936,0,1261568,0,68,9621,161706,0,0,0,430,573,0,3221221376,6,9,0,160,0
19-12 15:37:17,0,0.063,99.937,0,0,917983232,62951452672,283893760,3013795840,0,0,0,0,708,350,0,0,0,117,219,0,3221221376,6,9,0,160,0
19-12 15:37:18,0,0.063,99.937,0,0,917983232,62951452672,283893760,3013795840,0,0,0,0,597,564,1,0,0,84,144,0,3221221376,6,9,0,160,0
19-12 15:37:19,0.062,0.062,99.875,0,0,917983232,62951452672,283893760,3013795840,0,0,0,0,366,342,0,0,0,79,138,0,3221221376,6,9,0,160,0
19-12 15:37:20,0,0.063,99.937,0,0,917983232,62951452672,283893760,3013795840,0,0,0,0,545,394,0,0,0,83,139,0,3221221376,6,9,0,160,0
19-12 15:37:21,0.062,0.125,99.750,0.062,0,918523904,62950912000,283893760,3013795840,0,147456,0,10,2762,1801,0,0,0,219,220,0,3221221376,6,10,0,160,0
19-12 15:37:22,1.252,0.501,98.248,0,0,918192128,62951243776,283893760,3013791744,0,0,0,0,4231,4385,1,0,0,946,863,0,3221221376,6,9,0,160,0
19-12 15:37:23,0.062,0.062,99.875,0,0,918142976,62951292928,283893760,3013795840,0,0,0,0,546,358,0,0,0,84,154,0,3221221376,6,9,0,160,0
19-12 15:37:24,0,0.125,99.875,0,0,918142976,62951292928,283893760,3013795840,0,0,0,0,760,334,0,0,0,97,160,0,3221221376,6,9,0,160,0
19-12 15:37:25,0,0.062,99.938,0,0,918142976,62951292928,283893760,3013795840,0,0,0,0,718,564,1,0,0,104,174,0,3221221376,6,9,0,160,0
19-12 15:37:26,0,0.125,99.875,0,0,918142976,62951292928,283893760,3013795840,0,286720,0,44,940,342,0,0,0,123,171,0,3221221376,6,9,0,160,0
19-12 15:37:27,0.062,0.062,99.875,0,0,918142976,62951292928,283893760,3013795840,0,0,0,0,366,410,0,0,0,102,180,0,3221221376,6,9,0,160,0
19-12 15:37:28,0,0.063,99.937,0,0,918110208,62951325696,283893760,3013795840,0,0,0,0,1393,564,1,0,0,100,167,0,3221221376,6,9,0,160,0
19-12 15:37:29,0.062,0.062,99.875,0,0,918110208,62951325696,283893760,3013795840,0,0,0,0,306,342,0,0,0,96,170,0,3221221376,6,9,0,160,0
19-12 15:37:30,0,0.125,99.875,0,0,918106112,62951325696,283893760,3013799936,0,0,0,0,767,334,0,0,0,86,145,0,3221221376,6,9,0,160,0
19-12 15:37:31,0,0.125,99.875,0,0,917860352,62951571456,283893760,3013799936,0,0,0,0,722,562,0,0,0,121,177,0,3221221376,6,9,0,160,0
19-12 15:37:32,0,0.063,99.875,0.063,0,917852160,62951579648,283893760,3013799936,0,65536,0,6,477,564,1,0,0,110,205,0,3221221376,6,9,0,160,0
19-12 15:37:33,0,0.125,99.875,0,0,917852160,62951579648,283893760,3013799936,0,0,0,0,357,498,0,0,0,95,170,0,3221221376,6,10,0,160,0
19-12 15:37:34,1.377,0.438,98.185,0,0,918614016,62950817792,283893760,3013795840,0,0,0,0,5695,5220,0,0,0,871,863,0,3221221376,6,9,0,160,0
19-12 15:37:35,0,0.125,99.875,0,0,918003712,62951419904,283893760,3013804032,0,0,0,0,298,580,1,0,0,79,154,0,3221221376,6,9,0,160,0
19-12 15:37:36,0,0.063,99.937,0,0,918003712,62951419904,283893760,3013804032,0,0,0,0,940,342,0,0,0,94,157,0,3221221376,6,9,0,160,0
19-12 15:37:37,0.438,0.250,99.312,0,0,919580672,62949842944,283893760,3013812224,0,0,0,0,4925,3490,0,0,0,484,532,0,3221221376,6,10,0,160,0
19-12 15:37:38,2.003,0.563,97.434,0,0,919470080,62949957632,283893760,3013791744,0,131072,0,6,5866,6430,1,0,0,1253,1068,0,3221221376,6,10,0,160,0
19-12 15:37:39,0,0.125,99.875,0,0,917286912,62952681472,283893760,3013238784,0,0,0,0,1870,1688,0,0,0,221,367,0,3221221376,6,9,0,160,0
19-12 15:37:40,0,0.125,99.875,0,0,917286912,62952681472,283893760,3013238784,0,0,0,0,305,334,0,0,0,76,137,0,3221221376,6,9,0,160,0
19-12 15:37:41,0,0.062,99.938,0,0,917286912,62952681472,283893760,3013238784,0,0,0,0,700,334,0,0,0,100,177,0,3221221376,6,9,0,160,0
19-12 15:37:42,0.250,0.250,99.499,0,0,920477696,62949490688,283893760,3013238784,0,1490944,0,324,4503,3720,1,0,0,561,509,0,3221221376,6,10,0,160,0
19-12 15:37:43,1.250,0.250,98.500,0,0,917794816,62952173568,283893760,3013238784,0,196608,0,8,10210,2980,0,0,0,679,633,0,3221221376,6,9,0,160,0
19-12 15:37:44,0,0.063,99.937,0,0,917565440,62952402944,283893760,3013238784,0,0,0,0,965,358,0,0,0,89,149,0,3221221376,6,9,0,160,0
19-12 15:37:45,0,0.125,99.875,0,0,917565440,62952402944,283893760,3013238784,0,0,0,0,538,564,1,0,0,103,177,0,3221221376,6,9,0,160,0
19-12 15:37:46,0.125,0.062,99.813,0,0,917565440,62952402944,283893760,3013238784,0,0,0,0,365,342,0,0,0,86,148,0,3221221376,6,9,0,160,0
19-12 15:37:47,0.062,0.125,99.812,0,0,917549056,62952419328,283893760,3013238784,0,843776,0,172,426,334,0,0,0,186,168,0,3221221376,6,9,0,160,0
19-12 15:37:48,0,0.125,99.875,0,0,917549056,62952419328,283893760,3013238784,0,0,0,0,717,580,1,0,0,88,147,0,3221221376,6,9,0,160,0
19-12 15:37:49,0,0.062,99.875,0.062,0,917549056,62952419328,283893760,3013238784,0,90112,0,6,426,342,0,0,0,108,182,0,3221221376,6,9,0,160,0
19-12 15:37:50,0,0.125,99.875,0,0,917549056,62952419328,283893760,3013238784,0,0,0,0,305,700,0,0,0,79,133,0,3221221376,6,9,0,160,0
19-12 15:37:51,0,0.125,99.875,0,0,917549056,62952419328,283893760,3013238784,0,0,0,0,1043,334,0,0,0,92,146,0,3221221376,6,9,0,160,0
19-12 15:37:52,0.062,0.062,99.875,0,0,917549056,62952419328,283893760,3013238784,0,16384,0,4,597,564,1,0,0,104,174,0,3221221376,6,9,0,160,0
19-12 15:37:53,0,0.063,99.937,0,0,917549056,62952419328,283893760,3013238784,0,0,0,0,426,358,0,0,0,112,172,0,3221221376,6,9,0,160,0
19-12 15:37:54,0.062,0.062,99.875,0,0,917549056,62952419328,283893760,3013238784,0,0,0,0,425,334,0,0,0,96,137,0,3221221376,6,9,0,160,0
19-12 15:37:55,0,0.125,99.875,0,0,917549056,62952419328,283893760,3013238784,0,32768,0,4,358,564,1,0,0,109,149,0,3221221376,6,9,0,160,0
19-12 15:37:56,0,0.063,99.937,0,0,917549056,62952419328,283893760,3013238784,0,0,0,0,760,358,0,0,0,110,157,0,3221221376,6,9,0,134,0
19-12 15:37:57,0.062,0.062,99.875,0,0,917549056,62952419328,283893760,3013238784,0,212992,0,44,666,334,0,0,0,133,193,0,3221221376,6,9,0,134,0
19-12 15:37:58,12.829,3.630,83.542,0,0,1061998592,62807969792,283893760,3013234688,0,0,0,0,5974,5769,1,0,0,1439,231852,0,3221221376,6,9,0,100,0
19-12 15:37:59,65.750,34.250,0,0,0,1387708416,62482464768,283893760,3013042176,0,0,0,0,768,358,0,0,0,4948,2728861,0,3221221376,6,9,0,100,0
19-12 15:38:00,33.042,2.998,63.960,0,0,1597366272,62272589824,283893760,3013259264,0,0,0,0,929,350,0,0,0,4314,3488,0,3221221376,6,9,0,100,0
19-12 15:38:01,0,0.125,99.813,0.062,0,1597554688,62272397312,283893760,3013259264,0,1122304,0,14,246,358,0,0,0,117,185,0,3221221376,6,9,0,80,0
19-12 15:38:02,0,0,100,0,0,1597554688,62272397312,283893760,3013259264,0,8192,0,2,717,580,1,0,0,101,176,0,3221221376,6,9,0,80,0
19-12 15:38:03,0,0.125,99.875,0,0,1597554688,62272397312,283893760,3013259264,0,0,0,0,486,358,0,0,0,96,149,0,3221221376,6,9,0,48,0
19-12 15:38:04,0,0,100,0,0,1597554688,62272397312,283893760,3013259264,0,0,0,0,365,334,0,0,0,76,135,0,3221221376,6,9,0,48,0
19-12 15:38:05,27.683,3.873,68.444,0,0,1609216000,62260731904,283893760,3013263360,0,0,0,0,94975150,50022195,3564,3372,3500,58665,46220,0,3221221376,6,23,45,27,4
19-12 15:38:06,31.078,3.947,64.975,0,0,1610784768,62259159040,283893760,3013267456,0,0,0,0,106421700,56055707,3960,3901,3464,65272,41797,0,3221221376,6,29,39,38,1
19-12 15:38:07,37.105,4.362,58.534,0,0,1611390976,62258552832,283893760,3013267456,0,65536,0,6,138655077,73082927,5199,4975,4875,83665,54618,0,3221221376,6,44,31,25,2
19-12 15:38:08,34.601,4.689,60.710,0,0,1611378688,62258565120,283893760,3013267456,0,0,0,0,128258357,67567036,4615,4529,4534,77519,52258,0,3221221376,6,25,42,43,2
19-12 15:38:09,35.159,4.395,60.446,0,0,1612378112,62257565696,283893760,3013267456,0,0,0,0,131110680,69079302,4861,4650,4557,79178,52336,0,3221221376,6,40,26,49,3
19-12 15:38:10,35.449,5.128,59.423,0,0,1612275712,62257668096,283893760,3013267456,0,0,0,0,139661611,73597294,5110,5029,4973,83912,58032,0,3221221376,6,29,40,63,2
19-12 15:38:11,36.003,4.477,59.521,0,0,1612775424,62257168384,283893760,3013267456,0,0,0,0,132471969,69807270,4905,4891,4852,79985,50974,0,3221221376,6,38,29,75,2
19-12 15:38:12,32.758,3.391,63.852,0,0,1612836864,62257106944,283893760,3013267456,0,0,0,0,116836160,61529392,4215,4222,4389,70923,45532,0,3221221376,6,31,40,88,0
19-12 15:38:13,36.216,4.762,59.023,0,0,1612668928,62257274880,283893760,3013267456,0,884736,0,206,135356083,71338617,5059,4814,4434,81946,53858,0,3221221376,6,36,32,100,2
19-12 15:38:14,38.889,5.119,55.993,0,0,1613574144,62256369664,283893760,3013267456,0,0,0,0,147369245,77671808,5355,5326,5026,88434,59619,0,3221221376,6,30,32,113,9
19-12 15:38:15,39.472,5.028,55.500,0,0,1613627392,62256316416,283893760,3013267456,0,0,0,0,152304614,80287162,5663,5481,5176,91027,61049,0,3221221376,6,35,28,132,2
19-12 15:38:16,14.768,2.037,83.195,0,0,1608286208,62261653504,283893760,3013271552,0,0,0,0,61343419,32342541,2197,2390,2069,37174,30339,0,3221221376,6,10,2,133,0
19-12 15:38:17,0,0.125,99.875,0,0,1607905280,62262034432,283893760,3013271552,0,0,0,0,45576,24120,4,0,1,151,226,0,3221221376,6,9,0,133,0
19-12 15:38:18,0,0.062,99.938,0,0,1607905280,62262034432,283893760,3013271552,0,65536,0,8,1051,580,1,0,0,107,177,0,3221221376,6,9,0,133,0
19-12 15:38:19,0.062,0.062,99.875,0,0,1607905280,62262034432,283893760,3013271552,0,0,0,0,700,358,0,0,0,85,137,0,3221221376,6,9,0,133,0
19-12 15:38:20,0,0,100,0,0,1607905280,62262034432,283893760,3013271552,0,0,0,0,485,334,0,0,0,80,137,0,3221221376,6,9,0,133,0
19-12 15:38:21,10.477,1.129,88.394,0,0,919920640,62949564416,283893760,3013718016,0,0,0,0,186,447,0,0,0,1160,612,0,3221221376,6,9,0,133,0
19-12 15:38:22,0.062,0.062,99.875,0,0,919121920,62950318080,283893760,3013763072,0,0,0,0,657,588,1,0,0,95,183,0,3221221376,6,9,0,133,0
19-12 15:38:23,0.562,0.188,99.188,0.062,0,924090368,62945349632,283893760,3013767168,0,1179648,0,72,4633,3498,0,0,0,521,489,0,3221221376,6,10,0,133,0
19-12 15:38:24,0.750,0.375,98.874,0,0,920387584,62949052416,283893760,3013771264,0,0,0,0,8355,135270,0,0,0,599,543,0,3221221376,6,10,0,133,0
19-12 15:38:25,0.062,0.125,99.812,0,0,920371200,62949068800,283893760,3013771264,0,0,0,0,10486,178166,1,0,0,311,404,0,3221221376,6,10,0,133,0
19-12 15:38:26,0.125,0.063,99.812,0,0,919179264,62950260736,283893760,3013771264,0,0,0,0,9268,139258,0,0,0,378,532,0,3221221376,6,9,0,133,0
19-12 15:38:27,0,0.063,99.937,0,0,918880256,62950555648,283893760,3013771264,0,0,0,0,186,334,0,0,0,91,180,0,3221221376,6,9,0,133,0
19-12 15:38:28,0.062,0.062,99.875,0,0,918880256,62950555648,283893760,3013771264,0,172032,0,8,760,334,0,0,0,96,161,0,3221221376,6,9,0,133,0
19-12 15:38:29,0,0.062,99.938,0,0,918880256,62950555648,283893760,3013771264,0,0,0,0,753,580,1,0,0,107,184,0,3221221376,6,9,0,133,0
19-12 15:38:30,0.063,0.063,99.875,0,0,919580672,62949855232,283893760,3013771264,0,0,0,0,2246,1809,0,0,0,170,159,0,3221221376,6,10,0,133,0
19-12 15:38:31,1.251,0.500,98.249,0,0,918626304,62950809600,283893760,3013767168,0,0,0,0,3640,4205,0,0,0,858,871,0,3221221376,6,9,0,133,0
19-12 15:38:32,0,0.063,99.937,0,0,918585344,62950850560,283893760,3013767168,0,0,0,0,871,588,1,0,0,101,180,0,3221221376,6,9,0,133,0
19-12 15:38:33,0.062,0.125,99.813,0,0,918585344,62950850560,283893760,3013767168,0,688128,0,148,186,342,0,0,0,172,187,0,3221221376,6,9,0,133,0
19-12 15:38:34,0,0.062,99.875,0.062,0,918585344,62950850560,283893760,3013767168,0,90112,0,4,767,350,0,0,0,98,160,0,3221221376,6,9,0,133,0
19-12 15:38:35,0,0.125,99.875,0,0,918585344,62950850560,283893760,3013767168,0,0,0,0,538,580,1,0,0,91,147,0,3221221376,6,9,0,133,0
19-12 15:38:36,0,0.062,99.938,0,0,918585344,62950850560,283893760,3013767168,0,0,0,0,587,342,0,0,0,87,149,0,3221221376,6,9,0,133,0
19-12 15:38:37,0,0.063,99.937,0,0,918585344,62950850560,283893760,3013767168,0,0,0,0,186,400,0,0,0,109,193,0,3221221376,6,9,0,133,0
19-12 15:38:38,0.062,0.062,99.875,0,0,918585344,62950850560,283893760,3013767168,0,0,0,0,365,334,0,0,0,92,144,0,3221221376,6,9,0,133,0
19-12 15:38:39,0,0,100,0,0,918585344,62950850560,283893760,3013767168,0,0,0,0,478,564,1,0,0,91,143,0,3221221376,6,9,0,133,0
19-12 15:38:40,0,0.125,99.875,0,0,918585344,62950850560,283893760,3013767168,0,24576,0,4,1274,342,0,0,0,107,163,0,3221221376,6,9,0,133,0
19-12 15:38:41,0,0.063,99.937,0,0,918585344,62950850560,283893760,3013767168,0,0,0,0,426,350,0,0,0,100,171,0,3221221376,6,9,0,133,0
19-12 15:38:42,0,0.062,99.938,0,0,918585344,62950850560,283893760,3013767168,0,0,0,0,822,564,1,0,0,108,182,0,3221221376,6,9,0,133,0
19-12 15:38:43,0,0.125,99.875,0,0,918585344,62950850560,283893760,3013767168,0,0,0,0,186,342,0,0,0,77,143,0,3221221376,6,9,0,133,0
19-12 15:38:44,1.251,0.375,98.374,0,0,920862720,62948573184,283893760,3013763072,0,0,0,0,4716,4288,0,0,0,754,647,0,3221221376,6,10,0,133,0
19-12 15:38:45,0.125,0.063,99.812,0,0,918159360,62951276544,283893760,3013767168,0,0,0,0,1472,1894,1,0,0,211,402,0,3221221376,6,9,0,133,0
19-12 15:38:46,0,0.062,99.875,0.062,0,918151168,62951284736,283893760,3013767168,0,122880,0,6,939,342,0,0,0,107,175,0,3221221376,6,9,0,133,0
19-12 15:38:47,0.125,0.125,99.750,0,0,918818816,62950617088,283893760,3013767168,0,0,0,0,2519,2687,0,0,0,200,223,0,3221221376,6,10,0,133,0
19-12 15:38:48,1.312,0.625,98.064,0,0,919515136,62949941248,283893760,3013746688,0,8192,0,2,5342,4984,0,0,0,919,870,0,3221221376,6,10,0,133,0
19-12 15:38:49,1.126,0.500,98.374,0,0,918818816,62951133184,283893760,3013251072,0,0,0,0,4160,3637,1,0,0,867,902,0,3221221376,6,9,0,133,0
19-12 15:38:50,0,0.063,99.937,0,0,918802432,62951149568,283893760,3013251072,0,0,0,0,425,462,0,0,0,82,142,0,3221221376,6,9,0,133,0
19-12 15:38:51,0,0.062,99.938,0,0,918802432,62951149568,283893760,3013251072,0,0,0,0,246,334,0,0,0,77,139,0,3221221376,6,9,0,133,0
19-12 15:38:52,0.062,0.125,99.813,0,0,918794240,62951157760,283893760,3013251072,0,188416,0,4,417,564,1,0,0,105,185,0,3221221376,6,9,0,133,0
19-12 15:38:53,1.064,0.376,98.560,0,0,924733440,62945218560,283893760,3013255168,0,0,0,0,4231,3580,0,0,0,612,600,0,3221221376,6,10,0,133,0
19-12 15:38:54,0.250,0.187,99.563,0,0,918708224,62951239680,283893760,3013255168,0,1630208,0,350,8289,2684,0,0,0,564,517,0,3221221376,6,9,0,133,0
19-12 15:38:55,0,0.063,99.937,0,0,918700032,62951247872,283893760,3013255168,0,0,0,0,693,580,1,0,0,89,153,0,3221221376,6,9,0,133,0
19-12 15:38:56,0,0.062,99.938,0,0,918700032,62951247872,283893760,3013255168,0,0,0,0,245,342,0,0,0,82,147,0,3221221376,6,9,0,133,0
19-12 15:38:57,0.062,0.062,99.875,0,0,918691840,62951256064,283893760,3013255168,0,0,0,0,648,334,0,0,0,110,199,0,3221221376,6,9,0,133,0
19-12 15:38:58,0.063,0.063,99.875,0,0,918687744,62951256064,283893760,3013259264,0,155648,0,10,425,334,0,0,0,97,156,0,3221221376,6,9,0,133,0
19-12 15:38:59,0,0.062,99.938,0,0,918687744,62951256064,283893760,3013259264,0,16384,0,2,538,580,1,0,0,90,142,0,3221221376,6,9,0,133,0
19-12 15:39:00,0,0.063,99.937,0,0,918687744,62951256064,283893760,3013259264,0,0,0,0,305,358,0,0,0,80,141,0,3221221376,6,9,0,133,0
19-12 15:39:01,0,0.062,99.938,0,0,918687744,62951256064,283893760,3013259264,0,0,0,0,461,334,0,0,0,96,171,0,3221221376,6,9,0,133,0
19-12 15:39:02,0,0.063,99.937,0,0,918687744,62951256064,283893760,3013259264,0,0,0,0,657,564,1,0,0,96,188,0,3221221376,6,9,0,133,0
19-12 15:39:03,0,0.125,99.875,0,0,918687744,62951256064,283893760,3013259264,0,0,0,0,186,342,0,0,0,80,137,0,3221221376,6,9,0,133,0
19-12 15:39:04,0,0.062,99.875,0.062,0,918687744,62951256064,283893760,3013259264,0,237568,0,48,365,334,0,0,0,114,150,0,3221221376,6,9,0,133,0
19-12 15:39:05,0,0.062,99.938,0,0,918687744,62951256064,283893760,3013259264,0,0,0,0,538,580,1,0,0,102,169,0,3221221376,6,9,0,133,0
19-12 15:39:06,0,0.063,99.937,0,0,918687744,62951256064,283893760,3013259264,0,0,0,0,305,342,0,0,0,87,145,0,3221221376,6,9,0,126,0
19-12 15:39:07,0.062,0.062,99.875,0,0,918687744,62951256064,283893760,3013259264,0,0,0,0,186,334,0,0,0,84,160,0,3221221376,6,9,0,126,0
19-12 15:39:08,0,0.063,99.937,0,0,918687744,62951256064,283893760,3013259264,0,0,0,0,767,334,0,0,0,95,140,0,3221221376,6,9,0,96,0
19-12 15:39:09,0,0.062,99.938,0,0,918687744,62951256064,283893760,3013259264,0,0,0,0,880,564,1,0,0,109,184,0,3221221376,6,9,0,96,0
19-12 15:39:10,0.562,0.375,99.062,0,0,920281088,62949662720,283893760,3013259264,0,24576,0,4,4548,3638,0,0,0,512,460,0,3221221376,6,10,0,75,0
19-12 15:39:11,47.562,32.750,19.688,0,0,1193381888,62676561920,283893760,3013267456,0,0,0,0,1638,2259,0,0,0,3859,2783626,0,3221221376,6,9,0,75,0
19-12 15:39:12,60.750,5.625,33.625,0,0,1597558784,62272380928,283893760,3013271552,0,0,0,0,1730,588,1,0,0,6013,97305,0,3221221376,6,9,0,48,0
19-12 15:39:13,0,0.062,99.938,0,0,1597558784,62272380928,283893760,3013271552,0,0,0,0,366,358,0,0,0,94,174,0,3221221376,6,9,0,48,0
19-12 15:39:14,0,0.063,99.937,0,0,1597558784,62272380928,283893760,3013271552,0,2375680,0,330,305,334,0,0,0,264,200,0,3221221376,6,9,0,21,0
19-12 15:39:15,0,0.062,99.938,0,0,1597558784,62272380928,283893760,3013271552,0,0,0,0,538,580,1,0,0,85,145,0,3221221376,6,9,0,21,0
19-12 15:39:16,0.062,0,99.875,0.062,0,1597558784,62272380928,283893760,3013271552,0,180224,0,4,305,342,0,0,0,104,161,0,3221221376,6,9,0,0,0
19-12 15:39:17,17.322,2.030,80.647,0,0,1609216000,62260723712,283893760,3013271552,0,0,0,0,63627629,33558705,2182,2380,2104,38834,30027,0,3221221376,6,28,40,4,1
19-12 15:39:18,34.898,4.571,60.531,0,0,1610502144,62259429376,283893760,3013279744,0,0,0,0,121504460,64013899,4390,4614,4423,73977,49564,0,3221221376,6,38,34,15,2
19-12 15:39:19,30.934,3.914,65.152,0,0,1611169792,62258761728,283893760,3013279744,0,0,0,0,106598832,56133582,3842,3837,3682,65283,41082,0,3221221376,6,28,40,19,4
19-12 15:39:20,29.578,4.468,65.953,0,0,1611091968,62258839552,283893760,3013279744,0,0,0,0,103142220,54307890,3816,3727,3640,63176,37848,0,3221221376,6,24,42,30,3
19-12 15:39:21,33.270,4.159,62.571,0,0,1611583488,62258348032,283893760,3013279744,0,0,0,0,118104075,62214812,4255,4430,3863,71956,45544,0,3221221376,6,35,35,41,0
19-12 15:39:22,34.071,4.109,61.820,0,0,1612664832,62257266688,283893760,3013279744,0,73728,0,8,122263255,64416718,4692,4340,4328,74369,49986,0,3221221376,6,26,43,48,1
19-12 15:39:23,32.102,4.268,63.631,0,0,1612435456,62257496064,283893760,3013279744,0,0,0,0,116059338,61127787,4250,4169,4306,70565,47221,0,3221221376,6,33,30,55,4
19-12 15:39:24,34.796,4.771,60.433,0,0,1612652544,62257278976,283893760,3013279744,0,0,0,0,132031751,69569390,4745,4647,4405,79858,55795,0,3221221376,6,30,36,62,5
19-12 15:39:25,32.822,4.151,63.027,0,0,1612935168,62256996352,283893760,3013279744,0,0,0,0,120598262,63529953,4368,4435,4353,73269,50723,0,3221221376,6,27,39,76,4
19-12 15:39:26,34.061,4.554,61.385,0,0,1613541376,62256386048,283893760,3013283840,0,0,0,0,120940810,63713636,4193,4565,4073,73554,46436,0,3221221376,6,38,35,84,3
19-12 15:39:27,36.898,4.565,58.537,0,0,1612947456,62256979968,283893760,3013283840,0,0,0,0,135214071,71254996,4810,4759,4947,81445,52210,0,3221221376,6,29,31,110,6
19-12 15:39:28,30.284,4.164,65.552,0,0,1611354112,62258569216,283893760,3013287936,0,57344,0,6,121634327,64133514,4306,4406,4224,72320,51653,0,3221221376,6,9,12,117,0
19-12 15:39:29,0.063,0.188,99.750,0,0,1609736192,62260187136,283893760,3013287936,0,0,0,0,196417,103719,9,2,0,392,367,0,3221221376,6,10,0,117,0
19-12 15:39:30,0,0.125,99.875,0,0,1609515008,62260408320,283893760,3013287936,0,0,0,0,2638,1982,0,0,0,113,171,0,3221221376,6,10,0,117,0
19-12 15:39:31,0.063,0.063,99.875,0,0,1609515008,62260408320,283893760,3013287936,0,0,0,0,1490,1248,0,0,0,96,150,0,3221221376,6,10,0,117,0
19-12 15:39:32,0,0.062,99.938,0,0,1609515008,62260408320,283893760,3013287936,0,0,0,0,2189,630,1,0,0,120,192,0,3221221376,6,10,0,117,0
19-12 15:39:33,11.905,1.504,86.591,0,0,922509312,62947270656,283893760,3013427200,0,81920,0,6,1936,651,0,0,0,1146,553,0,3221221376,6,10,0,117,0
19-12 15:39:34,0.062,0.125,99.812,0,0,919052288,62950400000,283893760,3013750784,0,1531904,0,198,1241,1034,0,0,0,333,265,0,3221221376,6,9,1,117,0
19-12 15:39:35,0.063,0.063,99.875,0,0,919592960,62949859328,283893760,3013750784,0,0,0,0,2447,2639,1,0,0,190,185,0,3221221376,6,10,0,117,0
19-12 15:39:36,1.064,0.438,98.497,0,0,919912448,62949539840,283893760,3013758976,0,0,0,0,7779,96829,0,0,0,861,804,0,3221221376,6,10,0,117,0
19-12 15:39:37,0.125,0.062,99.812,0,0,919871488,62949580800,283893760,3013758976,0,0,0,0,10582,164952,0,0,0,317,452,0,3221221376,6,10,0,117,0
19-12 15:39:38,0,0.125,99.812,0.063,0,919212032,62950240256,283893760,3013758976,0,188416,0,4,9833,169166,0,0,0,337,542,0,3221221376,6,9,1,117,0
19-12 15:39:39,0,0.125,99.875,0,0,918274048,62951178240,283893760,3013750784,0,0,0,0,484,791,1,0,0,168,219,0,3221221376,6,9,0,117,0
19-12 15:39:40,0,0.063,99.937,0,0,918274048,62951178240,283893760,3013750784,0,0,0,0,545,402,0,0,0,83,144,0,3221221376,6,9,0,117,0
19-12 15:39:41,0.062,0.062,99.875,0,0,918274048,62951178240,283893760,3013750784,0,0,0,0,246,394,0,0,0,95,172,0,3221221376,6,9,0,117,0
19-12 15:39:42,0.063,0.063,99.875,0,0,918790144,62950662144,283893760,3013750784,0,0,0,0,2517,1965,1,0,0,193,204,0,3221221376,6,10,0,117,0
19-12 15:39:43,1.378,0.501,98.121,0,0,918839296,62950612992,283893760,3013746688,0,114688,0,4,3652,4357,0,0,0,868,883,0,3221221376,6,9,0,117,0
19-12 15:39:44,0.062,0.062,99.875,0,0,918282240,62951170048,283893760,3013750784,0,0,0,0,1274,426,0,0,0,99,170,0,3221221376,6,9,0,117,0
19-12 15:39:45,0.062,0.062,99.875,0,0,918282240,62951170048,283893760,3013750784,0,0,0,0,538,624,1,0,0,100,180,0,3221221376,6,9,0,117,0
19-12 15:39:46,0,0.125,99.875,0,0,918282240,62951170048,283893760,3013750784,0,0,0,0,305,342,0,0,0,85,146,0,3221221376,6,9,0,117,0
19-12 15:39:47,0,0.063,99.937,0,0,918282240,62951170048,283893760,3013750784,0,0,0,0,246,334,0,0,0,97,181,0,3221221376,6,9,0,117,0
19-12 15:39:48,0,0.125,99.875,0,0,918274048,62951178240,283893760,3013750784,0,0,0,0,425,334,0,0,0,81,143,0,3221221376,6,9,0,117,0
19-12 15:39:49,0,0.062,99.938,0,0,918274048,62951178240,283893760,3013750784,0,73728,0,4,478,564,1,0,0,110,189,0,3221221376,6,9,0,117,0
19-12 15:39:50,0,0.125,99.875,0,0,918274048,62951178240,283893760,3013750784,0,0,0,0,921,358,0,0,0,91,148,0,3221221376,6,9,0,117,0
19-12 15:39:51,0,0,100,0,0,918274048,62951178240,283893760,3013750784,0,0,0,0,126,334,0,0,0,106,141,0,3221221376,6,9,0,117,0
19-12 15:39:52,0,0.125,99.875,0,0,918274048,62951178240,283893760,3013750784,0,0,0,0,597,564,1,0,0,96,173,0,3221221376,6,9,0,117,0
19-12 15:39:53,0,0.062,99.938,0,0,918274048,62951178240,283893760,3013750784,0,0,0,0,306,342,0,0,0,101,177,0,3221221376,6,9,0,117,0
19-12 15:39:54,0,0.063,99.937,0,0,918274048,62951178240,283893760,3013750784,0,0,0,0,245,334,0,0,0,76,135,0,3221221376,6,9,0,117,0
19-12 15:39:55,0,0.062,99.875,0.062,0,918269952,62951178240,283893760,3013754880,0,57344,0,6,298,564,1,0,0,89,159,0,3221221376,6,9,0,117,0
19-12 15:39:56,0,0.062,99.938,0,0,918269952,62951178240,283893760,3013754880,0,0,0,0,425,358,0,0,0,86,145,0,3221221376,6,9,0,117,0
19-12 15:39:57,0.188,0.125,99.688,0,0,918929408,62950518784,283893760,3013754880,0,0,0,0,2825,2671,0,0,0,231,245,0,3221221376,6,10,0,117,0
19-12 15:39:58,1.313,0.375,98.311,0,0,918573056,62950875136,283893760,3013754880,0,0,0,0,3473,3089,0,0,0,812,855,0,3221221376,6,9,0,117,0
19-12 15:39:59,0,0.062,99.938,0,0,918564864,62950883328,283893760,3013754880,0,0,0,0,658,580,1,0,0,83,143,0,3221221376,6,9,0,117,0
19-12 15:40:00,0,0.063,99.937,0,0,918532096,62950916096,283893760,3013754880,0,1753088,0,386,1402,402,0,0,0,276,167,0,3221221376,6,9,0,117,0
19-12 15:40:01,1.378,0.376,98.247,0,0,919027712,62950420480,283893760,3013758976,0,122880,0,4,5635,5346,0,0,0,914,902,0,3221221376,6,9,0,117,0
19-12 15:40:02,0.125,0.125,99.687,0.063,0,918790144,62950686720,283893760,3013742592,0,1236992,0,239,2652,2121,1,0,0,570,343,0,3221221376,6,10,0,117,0
19-12 15:40:03,0.750,0.312,98.938,0,0,923820032,62945656832,283893760,3013750784,0,0,0,0,2052,2047,0,0,0,414,457,0,3221221376,6,10,0,117,0
19-12 15:40:04,0.500,0.375,99.062,0.063,0,918224896,62951718912,283893760,3013275648,0,204800,0,8,2251,2220,0,0,0,556,544,0,3221221376,6,9,0,117,0
19-12 15:40:05,0,0.062,99.938,0,0,918216704,62951727104,283893760,3013275648,0,1368064,0,310,478,588,1,0,0,262,204,0,3221221376,6,9,0,117,0
19-12 15:40:06,0,0.063,99.937,0,0,918216704,62951727104,283893760,3013275648,0,0,0,0,940,716,0,0,0,105,156,0,3221221376,6,9,0,117,0
19-12 15:40:07,0,0.125,99.875,0,0,918208512,62951735296,283893760,3013275648,0,0,0,0,366,400,0,0,0,94,163,0,3221221376,6,9,0,117,0
19-12 15:40:08,0.062,0.125,99.812,0,0,918724608,62951219200,283893760,3013275648,0,0,0,0,2492,1867,0,0,0,185,172,0,3221221376,6,10,0,117,0
19-12 15:40:09,1.126,0.563,98.310,0,0,918286336,62951649280,283893760,3013275648,0,106496,0,6,10560,4587,1,0,0,906,936,0,3221221376,6,9,0,117,0
19-12 15:40:10,0,0.125,99.875,0,0,918310912,62951624704,283893760,3013275648,0,0,0,0,305,374,0,0,0,81,147,0,3221221376,6,9,0,117,0
19-12 15:40:11,0,0,100,0,0,918302720,62951632896,283893760,3013275648,0,0,0,0,648,668,0,0,0,86,152,0,3221221376,6,9,0,117,0
19-12 15:40:12,0.062,0.062,99.875,0,0,918302720,62951632896,283893760,3013275648,0,0,0,0,882,564,1,0,0,127,204,0,3221221376,6,9,0,117,0
19-12 15:40:13,0,0.063,99.937,0,0,918294528,62951641088,283893760,3013275648,0,0,0,0,126,342,0,0,0,92,175,0,3221221376,6,9,0,117,0
19-12 15:40:14,0,0.062,99.938,0,0,918294528,62951641088,283893760,3013275648,0,0,0,0,605,394,0,0,0,85,136,0,3221221376,6,9,0,117,0
19-12 15:40:15,0.062,0.062,99.813,0.062,0,918294528,62951641088,283893760,3013275648,0,73728,0,4,700,564,1,0,0,98,161,0,3221221376,6,9,0,117,0
19-12 15:40:16,0,0.125,99.875,0,0,918294528,62951641088,283893760,3013275648,0,0,0,0,1093,358,0,0,0,104,163,0,3221221376,6,9,0,117,0
19-12 15:40:17,0,0.125,99.875,0,0,918294528,62951641088,283893760,3013275648,0,0,0,0,528,334,0,0,0,110,208,0,3221221376,6,9,0,117,0
19-12 15:40:18,0,0.062,99.938,0,0,918294528,62951641088,283893760,3013275648,0,0,0,0,545,334,0,0,0,88,142,0,3221221376,6,9,0,113,0
19-12 15:40:19,0,0.063,99.937,0,0,918294528,62951641088,283893760,3013275648,0,0,0,0,478,564,1,0,0,81,141,0,3221221376,6,9,0,113,0
19-12 15:40:20,0,0.062,99.938,0,0,918294528,62951641088,283893760,3013275648,0,0,0,0,305,342,0,0,0,88,139,0,3221221376,6,9,0,95,0
19-12 15:40:21,0,0.063,99.937,0,0,918228992,62951706624,283893760,3013275648,0,1114112,0,258,640,334,0,0,0,215,205,0,3221221376,6,9,0,95,0
19-12 15:40:22,0,0.125,99.875,0,0,918228992,62951706624,283893760,3013275648,0,0,0,0,537,580,1,0,0,108,175,0,3221221376,6,9,0,71,0
19-12 15:40:23,0.062,0,99.938,0,0,918228992,62951706624,283893760,3013275648,0,0,0,0,306,342,0,0,0,78,135,0,3221221376,6,9,0,71,0
19-12 15:40:24,0,0.063,99.937,0,0,918228992,62951706624,283893760,3013275648,0,0,0,0,425,334,0,0,0,86,135,0,3221221376,6,9,0,62,0
19-12 15:40:25,0.062,0.062,99.875,0,0,918228992,62951706624,283893760,3013275648,0,0,0,0,418,564,1,0,0,97,169,0,3221221376,6,9,0,62,0
19-12 15:40:26,0,0,100,0,0,918224896,62951706624,283893760,3013279744,0,65536,0,6,1281,342,0,0,0,122,172,0,3221221376,6,9,0,38,0
19-12 15:40:27,0,0.062,99.938,0,0,918224896,62951706624,283893760,3013279744,0,0,0,0,186,350,0,0,0,88,165,0,3221221376,6,9,0,38,0
19-12 15:40:28,0.188,0.062,99.750,0,0,918757376,62951174144,283893760,3013279744,0,0,0,0,2962,2319,0,0,0,203,180,0,3221221376,6,10,0,2,0
19-12 15:40:29,34.750,23.500,41.750,0,0,1156521984,62713409536,283893760,3013287936,0,0,0,0,3490,3690,1,0,0,3231,1921217,0,3221221376,6,9,0,2,0
19-12 15:40:30,74.250,14.250,11.500,0,0,1598001152,62271950848,283893760,3013292032,0,0,0,0,545,358,0,0,0,7452,881486,0,3221221376,6,9,0,0,0
19-12 15:40:31,0,0.125,99.875,0,0,1597595648,62272356352,283893760,3013292032,0,1949696,0,242,1004,578,0,0,0,239,185,0,3221221376,6,9,0,0,0
19-12 15:40:32,0.062,0,99.875,0.062,0,1597595648,62272356352,283893760,3013292032,0,180224,0,4,717,572,1,0,0,110,186,0,3221221376,6,9,0,0,0
19-12 15:40:33,0,0.125,99.875,0,0,1597595648,62272356352,283893760,3013292032,0,0,0,0,486,410,0,0,0,98,171,0,3221221376,6,9,0,0,0
19-12 15:40:34,0,0.062,99.938,0,0,1597595648,62272356352,283893760,3013292032,0,0,0,0,365,334,0,0,0,79,139,0,3221221376,6,9,0,0,0
19-12 15:40:35,8.611,1.069,90.321,0,0,1609555968,62260396032,283893760,3013292032,0,0,0,0,29997896,15853203,1095,1098,1177,18430,15316,0,3221221376,6,55,17,4,3
19-12 15:40:36,38.754,5.109,56.137,0,0,1611038720,62258905088,283893760,3013300224,0,0,0,0,146314011,77113112,5227,5420,5179,87506,61261,0,3221221376,6,34,36,11,3
19-12 15:40:37,29.177,3.608,67.215,0,0,1611481088,62258462720,283893760,3013300224,0,0,0,0,97619673,51388151,3590,3626,3381,60184,36163,0,3221221376,6,27,42,16,2
19-12 15:40:38,32.802,4.276,62.923,0,0,1611894784,62258049024,283893760,3013300224,0,73728,0,8,118854030,62614047,4299,4257,4374,72326,45968,0,3221221376,6,25,41,26,5
19-12 15:40:39,31.139,4.051,64.810,0,0,1611304960,62258638848,283893760,3013300224,0,0,0,0,108717977,57241041,4134,3754,3905,66361,45221,0,3221221376,6,29,39,32,2
19-12 15:40:40,33.604,4.247,62.149,0,0,1612410880,62257532928,283893760,3013300224,0,0,0,0,117280959,61762026,4241,4400,4076,71167,44981,0,3221221376,6,24,43,43,2
19-12 15:40:41,29.669,4.060,66.271,0,0,1612050432,62257893376,283893760,3013300224,0,0,0,0,97386634,51267531,3547,3507,3342,59991,37406,0,3221221376,6,26,42,55,4
19-12 15:40:42,34.068,4.597,61.335,0,0,1611587584,62258356224,283893760,3013300224,0,0,0,0,123802318,65208700,4407,4557,4297,75120,49512,0,3221221376,6,34,36,65,2
19-12 15:40:43,34.114,4.747,61.139,0,0,1612460032,62257483776,283893760,3013300224,0,0,0,0,127053972,66928157,4600,4593,4446,76870,50760,0,3221221376,6,39,37,74,0
19-12 15:40:44,33.751,4.008,62.242,0,0,1612832768,62257111040,283893760,3013300224,0,24576,0,4,117474961,61876309,4298,4335,3976,71506,46588,0,3221221376,6,35,30,94,5
19-12 15:40:45,32.851,4.468,62.681,0,0,1612988416,62256955392,283893760,3013300224,0,0,0,0,118493847,62422763,4326,4305,3959,72268,46386,0,3221221376,6,33,32,104,5
19-12 15:40:46,40.559,5.594,53.846,0,0,1611198464,62258741248,283893760,3013304320,0,0,0,0,161886698,85338499,5612,5771,5649,95245,67683,0,3221221376,6,9,26,114,0
19-12 15:40:47,0,0.188,99.812,0,0,1607766016,62262173696,283893760,3013304320,0,0,0,0,377387,198166,11,16,20,539,504,0,3221221376,6,9,1,114,0
19-12 15:40:48,0.062,0.062,99.875,0,0,1607229440,62262710272,283893760,3013304320,0,0,0,0,15475,8270,0,0,0,113,176,0,3221221376,6,9,0,114,0
19-12 15:40:49,0,0.063,99.937,0,0,1607229440,62262710272,283893760,3013304320,0,0,0,0,358,564,1,0,0,101,185,0,3221221376,6,9,0,114,0
19-12 15:40:50,0,0.125,99.813,0.062,0,1607229440,62262710272,283893760,3013304320,0,57344,0,6,485,342,0,0,0,97,160,0,3221221376,6,9,0,114,0
19-12 15:40:51,13.041,1.066,85.893,0,0,1118568448,62751313920,283893760,3013361664,0,0,0,0,708,350,0,0,0,755,352,0,3221221376,6,9,0,114,0
19-12 15:40:52,0.563,0.313,99.124,0,0,919531520,62949933056,283893760,3013771264,0,0,0,0,537,701,1,0,0,452,353,0,3221221376,6,9,0,114,0
19-12 15:40:53,0,0.062,99.938,0,0,919527424,62949933056,283893760,3013775360,0,0,0,0,246,358,0,0,0,101,182,0,3221221376,6,9,0,114,0
19-12 15:40:54,0.626,0.376,98.998,0,0,924499968,62944960512,283893760,3013779456,0,0,0,0,4104,3424,0,0,0,574,489,0,3221221376,6,10,0,114,0
19-12 15:40:55,0.500,0.250,99.250,0,0,920805376,62948655104,283893760,3013783552,0,0,0,0,9336,140196,1,0,0,504,567,0,3221221376,6,10,0,114,0
19-12 15:40:56,0.063,0.063,99.875,0,0,920780800,62948679680,283893760,3013783552,0,1146880,0,70,9491,160332,0,0,0,328,398,0,3221221376,6,10,0,114,0
19-12 15:40:57,0.063,0.063,99.875,0,0,918921216,62950539264,283893760,3013779456,0,0,0,0,7524,123892,0,0,0,365,585,0,3221221376,6,9,0,114,0
19-12 15:40:58,0,0,100,0,0,918913024,62950547456,283893760,3013775360,0,0,0,0,305,334,0,0,0,81,150,0,3221221376,6,9,0,114,0
19-12 15:40:59,0,0.063,99.937,0,0,918913024,62950547456,283893760,3013775360,0,0,0,0,652,898,1,0,0,93,163,0,3221221376,6,9,0,114,0
19-12 15:41:00,0,0.125,99.875,0,0,918913024,62950547456,283893760,3013775360,0,0,0,0,425,342,0,0,0,84,147,0,3221221376,6,9,0,114,0
19-12 15:41:01,0.188,0.062,99.750,0,0,919445504,62950014976,283893760,3013775360,0,0,0,0,2759,2671,0,0,0,220,231,0,3221221376,6,10,0,114,0
19-12 15:41:02,1.188,0.438,98.312,0.062,0,918458368,62951002112,283893760,3013779456,0,1490944,0,316,3113,3499,1,0,0,974,904,0,3221221376,6,9,0,114,0
19-12 15:41:03,0,0.063,99.937,0,0,918491136,62950969344,283893760,3013775360,0,0,0,0,701,366,0,0,0,83,147,0,3221221376,6,9,0,114,0
19-12 15:41:04,0,0.125,99.875,0,0,918491136,62950969344,283893760,3013775360,0,0,0,0,425,334,0,0,0,83,149,0,3221221376,6,9,0,114,0
19-12 15:41:05,0,0.063,99.937,0,0,918491136,62950969344,283893760,3013775360,0,0,0,0,598,564,1,0,0,110,185,0,3221221376,6,9,0,114,0
19-12 15:41:06,0,0.062,99.938,0,0,918491136,62950969344,283893760,3013775360,0,0,0,0,365,342,0,0,0,91,155,0,3221221376,6,9,0,114,0
19-12 15:41:07,0,0.125,99.875,0,0,918491136,62950969344,283893760,3013775360,0,1114112,0,240,468,334,0,0,0,209,203,0,3221221376,6,9,0,114,0
19-12 15:41:08,0,0.062,99.938,0,0,918491136,62950969344,283893760,3013775360,0,0,0,0,185,350,0,0,0,79,150,0,3221221376,6,9,0,114,0
19-12 15:41:09,0,0.063,99.937,0,0,918491136,62950969344,283893760,3013775360,0,0,0,0,933,564,1,0,0,111,185,0,3221221376,6,9,0,114,0
19-12 15:41:10,0,0.125,99.875,0,0,918491136,62950969344,283893760,3013775360,0,0,0,0,305,342,0,0,0,80,147,0,3221221376,6,9,0,114,0
19-12 15:41:11,0,0.062,99.938,0,0,918491136,62950969344,283893760,3013775360,0,0,0,0,408,334,0,0,0,91,155,0,3221221376,6,9,0,114,0
19-12 15:41:12,0,0.062,99.875,0.062,0,918491136,62950969344,283893760,3013775360,0,32768,0,4,1002,564,1,0,0,120,207,0,3221221376,6,9,0,114,0
19-12 15:41:13,0,0.063,99.937,0,0,918491136,62950969344,283893760,3013775360,0,0,0,0,486,358,0,0,0,104,177,0,3221221376,6,9,0,114,0
19-12 15:41:14,0,0.062,99.938,0,0,918491136,62950969344,283893760,3013775360,0,0,0,0,425,334,0,0,0,83,148,0,3221221376,6,9,0,114,0
19-12 15:41:15,0,0.125,99.875,0,0,918491136,62950969344,283893760,3013775360,0,0,0,0,418,564,1,0,0,82,145,0,3221221376,6,9,0,114,0
19-12 15:41:16,0,0.063,99.937,0,0,918491136,62950969344,283893760,3013775360,0,0,0,0,485,342,0,0,0,91,155,0,3221221376,6,9,0,114,0
19-12 15:41:17,0.125,0.125,99.750,0,0,919412736,62950047744,283893760,3013775360,0,0,0,0,2639,2671,0,0,0,215,254,0,3221221376,6,10,0,114,0
19-12 15:41:18,1.128,0.439,98.434,0,0,918646784,62950809600,283893760,3013779456,0,24576,0,4,3257,3149,0,0,0,848,884,0,3221221376,6,9,0,114,0
19-12 15:41:19,0,0.062,99.938,0,0,918646784,62950809600,283893760,3013779456,0,0,0,0,478,588,1,0,0,85,152,0,3221221376,6,9,0,114,0
19-12 15:41:20,0,0.062,99.938,0,0,918646784,62950809600,283893760,3013779456,0,0,0,0,759,342,0,0,0,90,157,0,3221221376,6,9,0,114,0
19-12 15:41:21,0.563,0.375,99.062,0,0,922492928,62946963456,283893760,3013783552,0,0,0,0,4661,3424,0,0,0,478,500,0,3221221376,6,10,0,114,0
19-12 15:41:22,1.814,0.500,97.686,0,0,919949312,62949527552,283893760,3013771264,0,1335296,0,308,5626,5594,1,0,0,1133,993,0,3221221376,6,10,0,114,0
19-12 15:41:23,0.313,0.375,99.187,0.125,0,918327296,62951620608,283893760,3013287936,0,196608,0,6,1768,2376,0,0,0,543,535,0,3221221376,6,9,0,114,0
19-12 15:41:24,0.062,0.062,99.875,0,0,918323200,62951620608,283893760,3013292032,0,0,0,0,365,358,0,0,0,83,152,0,3221221376,6,9,0,114,0
19-12 15:41:25,0,0.063,99.937,0,0,918323200,62951620608,283893760,3013292032,0,0,0,0,538,564,1,0,0,102,181,0,3221221376,6,9,0,114,0
19-12 15:41:26,0,0.062,99.938,0,0,918323200,62951620608,283893760,3013292032,0,0,0,0,939,342,0,0,0,103,161,0,3221221376,6,9,0,114,0
19-12 15:41:27,1.251,0.438,98.311,0,0,920965120,62948978688,283893760,3013287936,0,0,0,0,4291,4288,0,0,0,792,700,0,3221221376,6,10,0,114,0
19-12 15:41:28,0.063,0.125,99.812,0,0,919158784,62950785024,283893760,3013292032,0,221184,0,8,9797,2174,0,0,0,273,423,0,3221221376,6,9,0,114,0
19-12 15:41:29,0.062,0.062,99.875,0,0,919158784,62950785024,283893760,3013292032,0,0,0,0,298,580,1,0,0,108,180,0,3221221376,6,9,0,114,0
19-12 15:41:30,0,0.125,99.875,0,0,919158784,62950785024,283893760,3013292032,0,0,0,0,605,342,0,0,0,106,152,0,3221221376,6,9,0,114,0
19-12 15:41:31,0,0.125,99.875,0,0,919158784,62950785024,283893760,3013292032,0,0,0,0,982,334,0,0,0,103,158,0,3221221376,6,9,0,114,0
19-12 15:41:32,0,0.125,99.875,0,0,919158784,62950785024,283893760,3013292032,0,1490944,0,344,777,564,1,0,0,268,195,0,3221221376,6,9,0,114,0
19-12 15:41:33,0,0.063,99.875,0.063,0,919134208,62950809600,283893760,3013292032,0,81920,0,4,400,358,0,0,0,115,207,0,3221221376,6,9,0,114,0
19-12 15:41:34,0.062,0.125,99.813,0,0,919134208,62950809600,283893760,3013292032,0,0,0,0,365,350,0,0,0,82,140,0,3221221376,6,9,0,114,0
19-12 15:41:35,0,0.063,99.937,0,0,919134208,62950809600,283893760,3013292032,0,0,0,0,598,564,1,0,0,89,151,0,3221221376,6,9,0,114,0
19-12 15:41:36,0,0.125,99.875,0,0,919134208,62950809600,283893760,3013292032,0,0,0,0,545,342,0,0,0,99,159,0,3221221376,6,9,0,109,0
19-12 15:41:37,0,0.063,99.937,0,0,919134208,62950809600,283893760,3013292032,0,0,0,0,186,334,0,0,0,109,207,0,3221221376,6,9,0,109,0
19-12 15:41:38,0.062,0.062,99.875,0,0,919134208,62950809600,283893760,3013292032,0,0,0,0,827,400,0,0,0,103,155,0,3221221376,6,9,0,98,0
19-12 15:41:39,0.063,0.063,99.875,0,0,919134208,62950809600,283893760,3013292032,0,24576,0,4,873,564,1,0,0,101,161,0,3221221376,6,9,0,98,0
19-12 15:41:40,0,0.125,99.875,0,0,919134208,62950809600,283893760,3013292032,0,0,0,0,975,358,0,0,0,106,155,0,3221221376,6,9,0,81,0
19-12 15:41:41,0,0.125,99.875,0,0,919134208,62950809600,283893760,3013292032,0,0,0,0,126,334,0,0,0,95,175,0,3221221376,6,9,0,81,0
19-12 15:41:42,0,0.063,99.937,0,0,919134208,62950809600,283893760,3013292032,0,0,0,0,1422,564,1,0,0,130,193,0,3221221376,6,9,0,60,0
19-12 15:41:43,0.062,0.062,99.875,0,0,919134208,62950809600,283893760,3013292032,0,0,0,0,246,342,0,0,0,84,145,0,3221221376,6,9,0,60,0
19-12 15:41:44,0,0.125,99.875,0,0,919134208,62950809600,283893760,3013292032,0,0,0,0,365,334,0,0,0,98,150,0,3221221376,6,9,0,35,0
19-12 15:41:45,0,0.063,99.937,0,0,919134208,62950809600,283893760,3013292032,0,24576,0,4,932,564,1,0,0,121,195,0,3221221376,6,9,0,35,0
19-12 15:41:46,0,0.125,99.875,0,0,919134208,62950809600,283893760,3013292032,0,0,0,0,887,687,0,0,0,158,198,0,3221221376,6,9,0,6,0
19-12 15:41:47,0.625,0.250,99.124,0,0,920993792,62948950016,283893760,3013292032,0,0,0,0,4285,3556,0,0,0,514,492,0,3221221376,6,10,0,6,0
19-12 15:41:48,47.690,32.896,19.413,0,0,1196507136,62673436672,283893760,3013300224,0,0,0,0,1835,2017,0,0,0,3873,3019853,0,3221221376,6,9,0,0,0
19-12 15:41:49,66.062,8.062,25.875,0,0,1596821504,62273118208,283893760,3013304320,0,0,0,0,880,580,1,0,0,6553,407172,0,3221221376,6,9,0,0,0
19-12 15:41:50,0,0.062,99.938,0,0,1596821504,62273118208,283893760,3013304320,0,0,0,0,425,358,0,0,0,84,146,0,3221221376,6,9,0,0,0
19-12 15:41:51,0,0.125,99.812,0.062,0,1596887040,62273052672,283893760,3013304320,0,1105920,0,14,1035,334,0,0,0,108,168,0,3221221376,6,9,0,0,0
19-12 15:41:52,0.063,0,99.937,0,0,1596887040,62273052672,283893760,3013304320,0,0,0,0,999,572,1,0,0,115,195,0,3221221376,6,9,0,0,0
19-12 15:41:53,0,0.125,99.875,0,0,1596887040,62273052672,283893760,3013304320,0,0,0,0,708,334,0,0,0,107,185,0,3221221376,6,9,0,0,0
19-12 15:41:54,15.832,2.128,82.040,0,0,1608540160,62261395456,283893760,3013308416,0,0,0,0,52791528,27839857,2072,1999,1878,32632,25926,0,3221221376,6,34,30,5,4
19-12 15:41:55,34.453,4.415,61.132,0,0,1609740288,62260187136,283893760,3013316608,0,0,0,0,121528375,64025578,4416,4529,4312,73972,47316,0,3221221376,6,32,38,15,1
19-12 15:41:56,35.624,5.170,59.206,0,0,1610895360,62259032064,283893760,3013316608,0,0,0,0,134496051,70861503,4991,4936,4931,81118,53726,0,3221221376,6,37,36,27,1
19-12 15:41:57,31.382,4.608,64.010,0,0,1611001856,62258925568,283893760,3013316608,0,90112,0,10,107799573,56778536,4066,4049,3603,66282,43614,0,3221221376,6,30,38,36,1
19-12 15:41:58,32.933,4.298,62.769,0,0,1610784768,62259142656,283893760,3013316608,0,0,0,0,118730676,62530673,4399,4355,4163,71989,47313,0,3221221376,6,28,38,46,3
19-12 15:41:59,35.723,4.277,60,0,0,1611468800,62258458624,283893760,3013316608,0,0,0,0,130108459,68554748,4836,4772,4686,78776,53355,0,3221221376,6,35,32,51,4
19-12 15:42:00,34.338,4.583,61.080,0,0,1611788288,62258139136,283893760,3013316608,0,0,0,0,124501511,65588806,4463,4301,4288,75347,49374,0,3221221376,6,32,37,61,3
19-12 15:42:01,34.336,4.261,61.404,0,0,1611706368,62258221056,283893760,3013316608,0,0,0,0,123076967,64836050,4541,4348,4213,74734,49577,0,3221221376,6,31,37,74,2
19-12 15:42:02,29.625,4.768,65.607,0,0,1612488704,62257438720,283893760,3013316608,0,24576,0,4,107038829,56363398,3968,3952,3626,65542,41235,0,3221221376,6,25,48,83,0
19-12 15:42:03,29.609,3.472,66.919,0,0,1612410880,62257516544,283893760,3013316608,0,188416,0,42,98823858,52017509,3620,3734,3398,60874,39304,0,3221221376,6,26,38,93,3
19-12 15:42:04,30.013,4.188,65.799,0,0,1612931072,62256996352,283893760,3013316608,0,0,0,0,105126639,55362416,3639,3980,3806,64623,41515,0,3221221376,6,27,41,103,0
19-12 15:42:05,22.265,3.499,74.237,0,0,1609707520,62260215808,283893760,3013320704,0,0,0,0,81585628,42965928,2993,2930,2815,50060,32293,0,3221221376,6,9,18,104,0
19-12 15:42:06,0,0.063,99.937,0,0,1606819840,62263103488,283893760,3013320704,0,0,0,0,271205,142789,10,14,6,423,361,0,3221221376,6,9,0,104,0
19-12 15:42:07,0,0.125,99.875,0,0,1606819840,62263103488,283893760,3013320704,0,0,0,0,521,358,0,0,0,85,184,0,3221221376,6,9,0,104,0
19-12 15:42:08,0,0.125,99.813,0.062,0,1606819840,62263103488,283893760,3013320704,0,65536,0,6,827,334,0,0,0,97,159,0,3221221376,6,9,0,104,0
19-12 15:42:09,0,0.063,99.937,0,0,1606819840,62263103488,283893760,3013320704,0,0,0,0,478,580,1,0,0,97,171,0,3221221376,6,9,0,104,0
19-12 15:42:10,11.975,1.379,86.646,0,0,921337856,62948536320,283893760,3013369856,0,0,0,0,185,455,0,0,0,1137,518,0,3221221376,6,9,0,104,0
19-12 15:42:11,0,0.062,99.938,0,0,919293952,62950182912,283893760,3013758976,0,0,0,0,66,358,0,0,0,75,157,0,3221221376,6,9,0,104,0
19-12 15:42:12,0.063,0.063,99.875,0,0,919269376,62950207488,283893760,3013758976,0,0,0,0,1002,564,1,0,0,114,183,0,3221221376,6,9,0,104,0
19-12 15:42:13,1.125,0.562,98.312,0,0,920326144,62949150720,283893760,3013763072,0,1957888,0,312,4440,4120,0,0,0,930,696,0,3221221376,6,10,0,104,0
19-12 15:42:14,0.125,0.125,99.750,0,0,920190976,62949285888,283893760,3013767168,0,180224,0,4,9207,157212,0,0,0,338,406,0,3221221376,6,10,0,104,0
19-12 15:42:15,0.063,0.063,99.875,0,0,920190976,62949285888,283893760,3013767168,0,0,0,0,7396,117774,1,0,0,220,307,0,3221221376,6,10,0,104,0
19-12 15:42:16,0.063,0.125,99.812,0,0,918790144,62950686720,283893760,3013758976,0,0,0,0,9369,141138,0,0,0,387,571,0,3221221376,6,9,0,104,0
19-12 15:42:17,0,0.125,99.875,0,0,918568960,62950907904,283893760,3013758976,0,0,0,0,486,334,0,0,0,115,205,0,3221221376,6,9,0,104,0
19-12 15:42:18,0.062,0.062,99.875,0,0,918568960,62950907904,283893760,3013758976,0,1196032,0,274,485,334,0,0,0,213,150,0,3221221376,6,9,0,104,0
19-12 15:42:19,0,0.125,99.875,0,0,918568960,62950907904,283893760,3013758976,0,0,0,0,418,580,1,0,0,93,153,0,3221221376,6,9,0,104,0
19-12 15:42:20,0.062,0.062,99.812,0.062,0,918847488,62950629376,283893760,3013758976,0,106496,0,4,2826,2415,0,0,0,235,221,0,3221221376,6,10,0,105,0
19-12 15:42:21,1.251,0.563,98.186,0,0,917700608,62951768064,283893760,3013771264,0,0,0,0,3520,4155,0,0,0,812,893,0,3221221376,6,9,0,105,0
19-12 15:42:22,0,0.187,99.813,0,0,917532672,62951936000,283893760,3013767168,0,0,0,0,537,588,1,0,0,100,175,0,3221221376,6,9,0,105,0
19-12 15:42:23,0,0.125,99.875,0,0,917524480,62951944192,283893760,3013767168,0,1056768,0,238,126,342,0,0,0,188,133,0,3221221376,6,9,0,105,0
19-12 15:42:24,0,0.063,99.937,0,0,917524480,62951944192,283893760,3013767168,0,0,0,0,921,350,0,0,0,93,148,0,3221221376,6,9,0,105,0
19-12 15:42:25,0,0.125,99.875,0,0,917524480,62951944192,283893760,3013767168,0,0,0,0,752,564,1,0,0,101,179,0,3221221376,6,9,0,105,0
19-12 15:42:26,0.188,0.250,99.437,0.125,0,917176320,62952292352,283893760,3013767168,0,614400,0,34,1720,1166,0,0,0,343,417,0,3221221376,6,9,0,106,0
19-12 15:42:27,0,0.125,99.875,0,0,917143552,62952325120,283893760,3013767168,0,0,0,0,186,358,0,0,0,92,160,0,3221221376,6,9,0,106,0
19-12 15:42:28,0.062,0.062,99.875,0,0,917143552,62952325120,283893760,3013767168,0,0,0,0,305,334,0,0,0,75,132,0,3221221376,6,9,0,106,0
19-12 15:42:29,0,0.063,99.937,0,0,917143552,62952325120,283893760,3013767168,0,0,0,0,1052,564,1,0,0,106,179,0,3221221376,6,9,0,106,0
19-12 15:42:30,0,0.125,99.875,0,0,917151744,62952316928,283893760,3013767168,0,0,0,0,901,605,0,0,0,137,183,0,3221221376,6,9,0,106,0
19-12 15:42:31,0,0.125,99.875,0,0,917151744,62952316928,283893760,3013767168,0,0,0,0,126,334,0,0,0,75,137,0,3221221376,6,9,0,106,0
19-12 15:42:32,0,0.125,99.875,0,0,917151744,62952316928,283893760,3013767168,0,122880,0,4,597,564,1,0,0,104,177,0,3221221376,6,9,0,106,0
19-12 15:42:33,0.063,0,99.937,0,0,917143552,62952325120,283893760,3013767168,0,0,0,0,606,358,0,0,0,89,152,0,3221221376,6,9,0,106,0
19-12 15:42:34,0.062,0.125,99.813,0,0,917143552,62952325120,283893760,3013767168,0,0,0,0,887,334,0,0,0,85,134,0,3221221376,6,9,0,106,0
19-12 15:42:35,0,0.063,99.937,0,0,917143552,62952325120,283893760,3013767168,0,0,0,0,812,564,1,0,0,86,147,0,3221221376,6,9,0,106,0
19-12 15:42:36,0,0.063,99.937,0,0,917143552,62952325120,283893760,3013767168,0,0,0,0,1221,342,0,0,0,97,149,0,3221221376,6,9,0,106,0
19-12 15:42:37,0,0.125,99.875,0,0,917143552,62952325120,283893760,3013767168,0,0,0,0,708,334,0,0,0,112,195,0,3221221376,6,9,0,106,0
19-12 15:42:38,0.813,0.438,98.749,0,0,919744512,62949724160,283893760,3013767168,0,24576,0,4,5472,5023,0,0,0,629,558,0,3221221376,6,11,0,106,0
19-12 15:42:39,0.562,0.250,99.189,0,0,918880256,62950588416,283893760,3013767168,0,1286144,0,296,1718,2524,1,0,0,671,500,0,3221221376,6,10,0,106,0
19-12 15:42:40,0,0.125,99.875,0,0,918880256,62950588416,283893760,3013767168,0,0,0,0,605,366,0,0,0,79,131,0,3221221376,6,10,0,106,0
19-12 15:42:41,0.125,0.063,99.812,0,0,919412736,62950055936,283893760,3013767168,0,0,0,0,2389,2319,0,0,0,196,198,0,3221221376,6,11,0,106,0
