"Dstat 0.7.3 CSV output"
"Author:","Dag Wieers <dag@wieers.com>",,,,"URL:","http://dag.wieers.com/home-made/dstat/"
"Host:","node-23.solr8-3.uic-cs-edu-pg0.utah.cloudlab.us",,,,"User:","dporte7"
"Cmdline:","dstat -t --cpu --mem --disk --io --net --int --sys --swap --tcp --output node23_128.110.153.172_direct::rf32_s2_cluster16_dstat.csv",,,,"Date:","12 Dec 2019 00:19:40 MST"
"system","total cpu usage",,,,,"memory usage",,,,"dsk/total",,"io/total",,"net/total",,"interrupts",,,"system",,"swap",,"tcp sockets",,,,
"time","usr","sys","idl","wai","stl","used","free","buff","cach","read","writ","read","writ","recv","send","79","80","81","int","csw","used","free","lis","act","syn","tim","clo"
12-12 00:19:40,0.788,0.189,99.018,0.005,0,882634752,62966464512,260575232,3072335872,3163.010,410286.910,0.244,5.879,0,0,17.301,17.776,17.876,475.205,4122.622,0,3221221376,10,10,0,0,0
12-12 00:19:41,0.062,0.312,99.625,0,0,880095232,63024410624,260575232,3017052160,0,0,0,0,1350,2135,0,0,0,326,399,0,3221221376,10,9,0,0,0
12-12 00:19:42,1.189,0.563,98.248,0,0,883884032,63020621824,260575232,3017060352,0,0,0,0,4342,3986,0,0,0,633,615,0,3221221376,10,10,0,0,0
12-12 00:19:43,0.313,0.125,99.562,0,0,880193536,63024852992,260575232,3016511488,0,0,0,0,1462,2217,0,0,0,479,479,0,3221221376,10,9,0,0,0
12-12 00:19:44,0,0.063,99.875,0.063,0,880177152,63024869376,260575232,3016511488,0,2293760,0,466,527,334,0,0,0,310,199,0,3221221376,10,9,0,0,0
12-12 00:19:45,0,0.125,99.875,0,0,880168960,63024877568,260575232,3016511488,0,0,0,0,862,342,0,0,0,111,182,0,3221221376,10,9,0,0,0
12-12 00:19:46,0,0.063,99.937,0,0,880160768,63024885760,260575232,3016511488,0,0,0,0,931,564,0,0,0,104,181,0,3221221376,10,9,0,0,0
12-12 00:19:47,0,0.063,99.937,0,0,880152576,63024893952,260575232,3016511488,0,0,0,0,804,668,0,0,0,108,186,0,3221221376,10,9,0,0,0
12-12 00:19:48,0,0.063,99.937,0,0,880152576,63024893952,260575232,3016511488,0,0,0,0,485,334,0,0,0,85,143,0,3221221376,10,9,0,0,0
12-12 00:19:49,0,0.062,99.938,0,0,880152576,63024893952,260575232,3016511488,0,0,0,0,478,564,0,0,0,87,155,0,3221221376,10,9,0,0,0
12-12 00:19:50,0,0.125,99.812,0.062,0,880152576,63024893952,260575232,3016511488,0,32768,0,4,545,334,0,0,0,97,161,0,3221221376,10,9,0,0,0
12-12 00:19:51,0,0.063,99.937,0,0,880152576,63024893952,260575232,3016511488,0,0,0,0,820,342,0,0,0,122,221,0,3221221376,10,9,0,0,0
12-12 00:19:52,0,0.063,99.937,0,0,880152576,63024893952,260575232,3016511488,0,0,0,0,1112,564,0,0,0,98,153,0,3221221376,10,9,0,0,0
12-12 00:19:53,0,0.062,99.938,0,0,880152576,63024893952,260575232,3016511488,0,0,0,0,486,334,0,0,0,83,139,0,3221221376,10,9,0,0,0
12-12 00:19:54,0,0.063,99.937,0,0,880152576,63024893952,260575232,3016511488,0,0,0,0,485,334,0,0,0,85,145,0,3221221376,10,9,0,0,0
12-12 00:19:55,0,0.125,99.875,0,0,880152576,63024893952,260575232,3016511488,0,0,0,0,246,334,0,0,0,105,191,0,3221221376,10,9,0,0,0
12-12 00:19:56,0,0.063,99.937,0,0,880152576,63024893952,260575232,3016511488,0,24576,0,4,969,898,0,0,0,119,186,0,3221221376,10,9,0,0,0
12-12 00:19:57,0,0.063,99.937,0,0,880152576,63024893952,260575232,3016511488,0,0,0,0,712,684,0,0,0,90,150,0,3221221376,10,9,0,0,0
12-12 00:19:58,0,0.125,99.875,0,0,880152576,63024893952,260575232,3016511488,0,0,0,0,1977,334,0,0,0,105,153,0,3221221376,10,9,0,0,0
12-12 00:19:59,0,0.063,99.937,0,0,880152576,63024893952,260575232,3016511488,0,0,0,0,812,564,0,0,0,113,189,0,3221221376,10,9,0,0,0
12-12 00:20:00,0,0.063,99.937,0,0,880152576,63024893952,260575232,3016511488,0,0,0,0,245,334,0,0,0,87,155,0,3221221376,10,9,0,0,0
12-12 00:20:01,0,0.125,99.875,0,0,880152576,63024893952,260575232,3016511488,0,0,0,0,246,334,0,0,0,94,169,0,3221221376,10,9,0,0,0
12-12 00:20:02,0.063,0.125,99.750,0.063,0,880152576,63024893952,260575232,3016511488,0,98304,0,12,717,564,0,0,0,183,245,0,3221221376,10,9,0,0,0
12-12 00:20:03,0,0.063,99.937,0,0,879906816,63025131520,260575232,3016511488,0,0,0,0,126,342,0,0,0,97,185,0,3221221376,10,9,0,0,0
12-12 00:20:04,0,0.063,99.937,0,0,879906816,63025131520,260575232,3016511488,0,0,0,0,437,668,0,0,0,86,145,0,3221221376,10,9,0,0,0
12-12 00:20:05,0,0.125,99.875,0,0,879898624,63025139712,260575232,3016511488,0,0,0,0,640,334,0,0,0,97,165,0,3221221376,10,9,0,0,0
12-12 00:20:06,0,0.063,99.937,0,0,879894528,63025139712,260575232,3016515584,0,0,0,0,537,564,0,0,0,99,175,0,3221221376,10,9,0,0,0
12-12 00:20:07,0,0.063,99.937,0,0,879894528,63025139712,260575232,3016515584,0,0,0,0,246,334,0,0,0,98,180,0,3221221376,10,9,0,0,0
12-12 00:20:08,0,0.125,99.875,0,0,879894528,63025139712,260575232,3016515584,0,114688,0,6,587,334,0,0,0,117,167,0,3221221376,10,9,0,0,0
12-12 00:20:09,0,0.063,99.937,0,0,879894528,63025139712,260575232,3016515584,0,0,0,0,598,572,0,0,0,88,148,0,3221221376,10,9,0,0,0
12-12 00:20:10,0,0.063,99.937,0,0,879894528,63025139712,260575232,3016515584,0,0,0,0,890,334,0,0,0,96,157,0,3221221376,10,9,0,0,0
12-12 00:20:11,0,0.063,99.937,0,0,879894528,63025139712,260575232,3016515584,0,0,0,0,486,334,0,0,0,114,207,0,3221221376,10,9,0,0,0
12-12 00:20:12,0.062,0.062,99.875,0,0,879894528,63025139712,260575232,3016515584,0,0,0,0,819,564,0,0,0,93,153,0,3221221376,10,9,0,0,0
12-12 00:20:13,0,0.125,99.875,0,0,879894528,63025139712,260575232,3016515584,0,0,0,0,520,334,0,0,0,87,153,0,3221221376,10,9,0,0,0
12-12 00:20:14,0,0.062,99.875,0.062,0,879894528,63025139712,260575232,3016515584,0,24576,0,4,725,334,0,0,0,94,145,0,3221221376,10,9,0,0,0
12-12 00:20:15,0,0.063,99.937,0,0,879894528,63025139712,260575232,3016515584,0,32768,0,6,246,342,0,0,0,113,189,0,3221221376,10,9,0,0,0
12-12 00:20:16,0,0.125,99.875,0,0,879894528,63025139712,260575232,3016515584,0,0,0,0,657,572,0,0,0,102,177,0,3221221376,10,9,0,0,0
12-12 00:20:17,0,0.063,99.937,0,0,879894528,63025139712,260575232,3016515584,0,0,0,0,246,334,0,0,0,82,142,0,3221221376,10,9,0,0,0
12-12 00:20:18,0,0.063,99.937,0,0,879894528,63025139712,260575232,3016515584,0,0,0,0,545,334,0,0,0,85,147,0,3221221376,10,9,0,0,0
12-12 00:20:19,0,0.063,99.937,0,0,879894528,63025139712,260575232,3016515584,0,0,0,0,1138,638,0,0,0,116,191,0,3221221376,10,10,0,0,0
12-12 00:20:20,2.066,0.564,97.370,0,0,881979392,63023054848,260575232,3016515584,0,98304,0,18,5813,4658,0,0,0,1057,734,0,3221221376,10,10,0,0,0
12-12 00:20:21,1.565,0.564,97.871,0,0,880353280,63024676864,260575232,3016523776,0,106496,0,8,6179,6352,0,0,0,1026,1135,0,3221221376,10,9,0,0,0
12-12 00:20:22,0,0.063,99.937,0,0,880201728,63024828416,260575232,3016523776,0,0,0,0,1386,588,0,0,0,113,176,0,3221221376,10,9,0,0,0
12-12 00:20:23,0,0.125,99.875,0,0,880201728,63024828416,260575232,3016519680,0,0,0,0,186,334,0,0,0,97,183,0,3221221376,10,9,0,0,0
12-12 00:20:24,0,0.063,99.937,0,0,880201728,63024828416,260575232,3016519680,0,0,0,0,880,334,0,0,0,91,147,0,3221221376,10,9,0,0,0
12-12 00:20:25,0,0.063,99.937,0,0,880201728,63024828416,260575232,3016519680,0,1671168,0,384,306,334,0,0,0,268,164,0,3221221376,10,9,0,0,0
12-12 00:20:26,0,0.125,99.813,0.062,0,880197632,63024828416,260579328,3016519680,0,114688,0,4,417,572,0,0,0,112,198,0,3221221376,10,9,0,0,0
12-12 00:20:27,0,0.063,99.937,0,0,880189440,63024836608,260579328,3016519680,0,0,0,0,186,342,0,0,0,100,175,0,3221221376,10,9,0,0,0
12-12 00:20:28,0,0.063,99.937,0,0,880189440,63024836608,260579328,3016519680,0,0,0,0,665,334,0,0,0,87,145,0,3221221376,10,9,0,0,0
12-12 00:20:29,0,0.062,99.938,0,0,880189440,63024836608,260579328,3016519680,0,0,0,0,418,564,0,0,0,85,149,0,3221221376,10,9,0,0,0
12-12 00:20:30,0,0.063,99.937,0,0,880189440,63024836608,260579328,3016519680,0,0,0,0,819,334,0,0,0,114,179,0,3221221376,10,9,0,0,0
12-12 00:20:31,0,0.125,99.875,0,0,880189440,63024836608,260579328,3016519680,0,0,0,0,648,334,0,0,0,117,207,0,3221221376,10,9,0,0,0
12-12 00:20:32,0,0.063,99.937,0,0,880189440,63024836608,260579328,3016519680,0,24576,0,4,1205,564,0,0,0,109,171,0,3221221376,10,9,0,0,0
12-12 00:20:33,0,0.063,99.937,0,0,880189440,63024836608,260579328,3016519680,0,0,0,0,828,342,0,0,0,94,153,0,3221221376,10,9,0,0,0
12-12 00:20:34,0,0.125,99.875,0,0,880189440,63024836608,260579328,3016519680,0,0,0,0,305,334,0,0,0,78,135,0,3221221376,10,9,0,0,0
12-12 00:20:35,0.062,0.062,99.875,0,0,880189440,63024836608,260579328,3016519680,0,0,0,0,246,334,0,0,0,111,195,0,3221221376,10,9,0,0,0
12-12 00:20:36,0,0.063,99.937,0,0,880189440,63024836608,260579328,3016519680,0,0,0,0,837,564,0,0,0,105,171,0,3221221376,10,9,0,0,0
12-12 00:20:37,0,0.063,99.937,0,0,880185344,63024836608,260579328,3016523776,0,0,0,0,246,334,0,0,0,82,147,0,3221221376,10,9,0,0,0
12-12 00:20:38,0,0.062,99.875,0.062,0,880185344,63024836608,260579328,3016523776,0,49152,0,6,485,334,0,0,0,95,157,0,3221221376,10,9,0,0,0
12-12 00:20:39,0,0.125,99.875,0,0,880185344,63024836608,260579328,3016523776,0,0,0,0,872,572,0,0,0,112,189,0,3221221376,10,9,0,0,0
12-12 00:20:40,0,0.063,99.937,0,0,880185344,63024836608,260579328,3016523776,0,0,0,0,890,334,0,0,0,92,153,0,3221221376,10,9,0,0,0
12-12 00:20:41,0,0.063,99.937,0,0,880185344,63024836608,260579328,3016523776,0,0,0,0,520,334,0,0,0,97,179,0,3221221376,10,9,0,0,0
12-12 00:20:42,0,0.125,99.875,0,0,880185344,63024836608,260579328,3016523776,0,0,0,0,609,964,0,0,0,90,147,0,3221221376,10,9,0,0,0
12-12 00:20:43,0,0.063,99.937,0,0,880185344,63024836608,260579328,3016523776,0,0,0,0,312,400,0,0,0,132,181,0,3221221376,10,9,0,0,0
12-12 00:20:44,0,0.063,99.937,0,0,880185344,63024836608,260579328,3016523776,0,24576,0,4,707,334,0,0,0,99,160,0,3221221376,10,9,0,0,0
12-12 00:20:45,0,0.125,99.875,0,0,880185344,63024836608,260579328,3016523776,0,0,0,0,66,342,0,0,0,86,147,0,3221221376,10,9,0,0,0
12-12 00:20:46,0,0.062,99.938,0,0,880185344,63024836608,260579328,3016523776,0,0,0,0,657,564,0,0,0,101,173,0,3221221376,10,9,0,0,0
12-12 00:20:47,0.062,0.062,99.875,0,0,880185344,63024836608,260579328,3016523776,0,0,0,0,648,334,0,0,0,102,177,0,3221221376,10,9,0,0,0
12-12 00:20:48,0,0.125,99.875,0,0,880185344,63024836608,260579328,3016523776,0,0,0,0,305,438,0,0,0,90,149,0,3221221376,10,9,0,0,0
12-12 00:20:49,0,0.063,99.937,0,0,880185344,63024836608,260579328,3016523776,0,0,0,0,778,564,0,0,0,93,150,0,3221221376,10,9,0,0,0
12-12 00:20:50,0,0.062,99.875,0.062,0,880185344,63024836608,260579328,3016523776,0,24576,0,4,973,334,0,0,0,105,171,0,3221221376,10,9,0,0,0
12-12 00:20:51,0,0.063,99.937,0,0,880185344,63024836608,260579328,3016523776,0,0,0,0,246,402,0,0,0,125,201,0,3221221376,10,9,0,0,0
12-12 00:20:52,0,0.063,99.937,0,0,880185344,63024836608,260579328,3016523776,0,0,0,0,597,564,0,0,0,88,147,0,3221221376,10,9,0,0,0
12-12 00:20:53,0,0.125,99.875,0,0,880185344,63024836608,260579328,3016523776,0,0,0,0,186,334,0,0,0,81,145,0,3221221376,10,9,0,0,0
12-12 00:20:54,0,0.062,99.938,0,0,880185344,63024836608,260579328,3016523776,0,0,0,0,305,334,0,0,0,81,141,0,3221221376,10,9,0,0,0
12-12 00:20:55,0,0.063,99.937,0,0,880185344,63024836608,260579328,3016523776,0,0,0,0,640,334,0,0,0,111,195,0,3221221376,10,9,0,0,0
12-12 00:20:56,0,0.063,99.937,0,0,880185344,63024836608,260579328,3016523776,0,163840,0,36,1154,564,0,0,0,133,196,0,3221221376,10,9,0,0,0
12-12 00:20:57,0,0.063,99.937,0,0,880185344,63024836608,260579328,3016523776,0,0,0,0,186,342,0,0,0,86,147,0,3221221376,10,9,0,0,0
12-12 00:20:58,0,0.125,99.875,0,0,880185344,63024836608,260579328,3016523776,0,0,0,0,485,334,0,0,0,82,141,0,3221221376,10,9,0,0,0
12-12 00:20:59,0,0.063,99.937,0,0,880185344,63024836608,260579328,3016523776,0,0,0,0,430,898,0,0,0,106,183,0,3221221376,10,9,0,0,0
12-12 00:21:00,0,0.063,99.937,0,0,880185344,63024836608,260579328,3016523776,0,0,0,0,365,334,0,0,0,84,145,0,3221221376,10,9,0,0,0
12-12 00:21:01,0.062,0.125,99.813,0,0,880185344,63024836608,260579328,3016523776,0,0,0,0,486,334,0,0,0,99,171,0,3221221376,10,9,0,0,0
12-12 00:21:02,1.188,0.500,98.311,0,0,885100544,63019921408,260579328,3016523776,0,32768,0,4,4976,3784,0,0,0,617,518,0,3221221376,10,10,0,0,0
12-12 00:21:03,1.252,0.564,98.184,0,0,885923840,63019089920,260579328,3016531968,0,0,0,0,6353,5289,0,0,0,1042,921,0,3221221376,10,10,0,0,0
12-12 00:21:04,0.814,0.564,98.622,0,0,880041984,63024971776,260579328,3016523776,0,0,0,0,2139,2435,0,0,0,610,607,0,3221221376,10,9,0,0,0
12-12 00:21:05,0,0.125,99.875,0,0,880041984,63024971776,260579328,3016523776,0,0,0,0,306,350,0,0,0,89,152,0,3221221376,10,9,0,0,0
12-12 00:21:06,0,0.063,99.937,0,0,880033792,63024979968,260579328,3016523776,0,1474560,0,340,777,564,0,0,0,261,176,0,3221221376,10,9,0,0,0
12-12 00:21:07,0,0.062,99.938,0,0,880021504,63024988160,260579328,3016527872,0,0,0,0,246,342,0,0,0,102,185,0,3221221376,10,9,0,0,0
12-12 00:21:08,0,0.125,99.812,0.062,0,880021504,63024988160,260579328,3016527872,0,114688,0,6,605,334,0,0,0,95,157,0,3221221376,10,9,0,0,0
12-12 00:21:09,0,0.062,99.938,0,0,880021504,63024988160,260579328,3016527872,0,0,0,0,752,572,0,0,0,94,159,0,3221221376,10,9,0,0,0
12-12 00:21:10,0,0.063,99.937,0,0,880021504,63024988160,260579328,3016527872,0,0,0,0,710,334,0,0,0,96,158,0,3221221376,10,9,0,0,0
12-12 00:21:11,0.062,0.125,99.813,0,0,880021504,63024988160,260579328,3016527872,0,0,0,0,426,334,0,0,0,116,222,0,3221221376,10,9,0,0,0
12-12 00:21:12,0,0.063,99.937,0,0,880021504,63024988160,260579328,3016527872,0,0,0,0,597,564,0,0,0,87,147,0,3221221376,10,9,0,0,0
12-12 00:21:13,0,0.063,99.937,0,0,880021504,63024988160,260579328,3016527872,0,0,0,0,366,334,0,0,0,83,146,0,3221221376,10,9,0,0,0
12-12 00:21:14,0,0.063,99.937,0,0,880021504,63024988160,260579328,3016527872,0,24576,0,4,605,334,0,0,0,96,155,0,3221221376,10,9,0,0,0
12-12 00:21:15,0,0.125,99.875,0,0,880021504,63024988160,260579328,3016527872,0,0,0,0,246,342,0,0,0,107,188,0,3221221376,10,9,0,0,0
12-12 00:21:16,0,0.063,99.937,0,0,880021504,63024988160,260579328,3016527872,0,0,0,0,751,564,0,0,0,107,183,0,3221221376,10,9,0,0,0
12-12 00:21:17,0.062,0.062,99.875,0,0,880021504,63024988160,260579328,3016527872,0,0,0,0,246,334,0,0,0,79,137,0,3221221376,10,9,0,0,0
12-12 00:21:18,0,0.063,99.937,0,0,880021504,63024988160,260579328,3016527872,0,0,0,0,707,334,0,0,0,90,151,0,3221221376,10,9,0,0,0
12-12 00:21:19,0,0.125,99.875,0,0,880021504,63024988160,260579328,3016527872,0,0,0,0,418,564,0,0,0,103,183,0,3221221376,10,9,0,0,0
12-12 00:21:20,0,0.063,99.875,0.063,0,880021504,63024988160,260579328,3016527872,0,24576,0,4,365,334,0,0,0,93,155,0,3221221376,10,9,0,0,0
12-12 00:21:21,0,0.063,99.937,0,0,880021504,63024988160,260579328,3016527872,0,0,0,0,246,342,0,0,0,91,166,0,3221221376,10,9,0,0,0
12-12 00:21:22,0,0.062,99.938,0,0,880021504,63024988160,260579328,3016527872,0,0,0,0,777,564,0,0,0,92,149,0,3221221376,10,9,0,0,0
12-12 00:21:23,0,0.063,99.937,0,0,880021504,63024988160,260579328,3016527872,0,0,0,0,648,334,0,0,0,104,182,0,3221221376,10,9,0,0,0
12-12 00:21:24,0,0.125,99.875,0,0,880021504,63024988160,260579328,3016527872,0,0,0,0,485,334,0,0,0,84,141,0,3221221376,10,9,0,0,0
12-12 00:21:25,0,0.125,99.875,0,0,880021504,63024988160,260579328,3016527872,0,0,0,0,641,334,0,0,0,99,161,0,3221221376,10,9,0,0,0
12-12 00:21:26,0,0.063,99.937,0,0,880021504,63024988160,260579328,3016527872,0,24576,0,4,1728,564,0,0,0,128,203,0,3221221376,10,9,0,0,0
12-12 00:21:27,0,0.063,99.937,0,0,880021504,63024988160,260579328,3016527872,0,0,0,0,366,342,0,0,0,100,177,0,3221221376,10,9,0,0,0
12-12 00:21:28,0,0.063,99.937,0,0,880021504,63024988160,260579328,3016527872,0,0,0,0,305,334,0,0,0,81,143,0,3221221376,10,9,0,0,0
12-12 00:21:29,0,0.063,99.937,0,0,880021504,63024988160,260579328,3016527872,0,0,0,0,693,564,0,0,0,90,151,0,3221221376,10,9,0,0,0
12-12 00:21:30,0,0.125,99.875,0,0,880021504,63024988160,260579328,3016527872,0,0,0,0,425,334,0,0,0,94,155,0,3221221376,10,9,0,0,0
12-12 00:21:31,0,0.063,99.937,0,0,880021504,63024988160,260579328,3016527872,0,0,0,0,306,334,0,0,0,121,203,0,3221221376,10,9,0,0,0
12-12 00:21:32,0,0.063,99.937,0,0,880021504,63024988160,260579328,3016527872,0,24576,0,4,1059,564,0,0,0,121,163,0,3221221376,10,9,0,0,0
12-12 00:21:33,0,0.063,99.937,0,0,880021504,63024988160,260579328,3016527872,0,0,0,0,366,342,0,0,0,88,141,0,3221221376,10,9,0,0,0
12-12 00:21:34,0,0.063,99.937,0,0,880021504,63024988160,260579328,3016527872,0,0,0,0,647,334,0,0,0,106,147,0,3221221376,10,9,0,0,0
12-12 00:21:35,0,0.125,99.875,0,0,880021504,63024988160,260579328,3016527872,0,0,0,0,640,334,0,0,0,114,193,0,3221221376,10,9,0,0,0
12-12 00:21:36,0,0.063,99.937,0,0,880021504,63024988160,260579328,3016527872,0,0,0,0,1025,564,0,0,0,105,175,0,3221221376,10,9,0,0,0
12-12 00:21:37,0,0.062,99.938,0,0,880021504,63024988160,260579328,3016527872,0,32768,0,8,366,334,0,0,0,94,146,0,3221221376,10,9,0,0,0
12-12 00:21:38,0,0.125,99.813,0.062,0,880013312,63024988160,260583424,3016531968,0,57344,0,6,245,342,0,0,0,88,157,0,3221221376,10,9,0,0,0
12-12 00:21:39,0,0.063,99.937,0,0,880013312,63024988160,260583424,3016531968,0,0,0,0,418,572,0,0,0,102,179,0,3221221376,10,9,0,0,0
12-12 00:21:40,0,0.063,99.937,0,0,880013312,63024988160,260583424,3016531968,0,0,0,0,710,334,0,0,0,89,153,0,3221221376,10,9,0,0,0
12-12 00:21:41,0,0.063,99.937,0,0,880013312,63024988160,260583424,3016531968,0,0,0,0,366,334,0,0,0,94,169,0,3221221376,10,9,0,0,0
12-12 00:21:42,0,0.063,99.937,0,0,880013312,63024988160,260583424,3016531968,0,81920,0,18,819,564,0,0,0,102,154,0,3221221376,10,9,0,0,0
12-12 00:21:43,0,0.125,99.875,0,0,880013312,63024988160,260583424,3016531968,0,0,0,0,820,342,0,0,0,111,185,0,3221221376,10,9,0,0,0
12-12 00:21:44,0,0.063,99.937,0,0,880013312,63024988160,260583424,3016531968,0,24576,0,4,425,334,0,0,0,92,153,0,3221221376,10,9,0,0,0
12-12 00:21:45,0,0.063,99.937,0,0,880013312,63024988160,260583424,3016531968,0,0,0,0,460,342,0,0,0,91,157,0,3221221376,10,9,0,0,0
12-12 00:21:46,0,0.063,99.937,0,0,880013312,63024988160,260583424,3016531968,0,0,0,0,717,564,0,0,0,101,171,0,3221221376,10,9,0,0,0
12-12 00:21:47,0,0.063,99.937,0,0,880013312,63024988160,260583424,3016531968,0,0,0,0,186,334,0,0,0,98,179,0,3221221376,10,9,0,0,0
12-12 00:21:48,1.626,0.625,97.749,0,0,881475584,63023525888,260583424,3016527872,0,0,0,0,5688,5265,0,0,0,902,814,0,3221221376,10,9,1,0,0
12-12 00:21:49,1.691,0.689,97.621,0,0,881639424,63023362048,260583424,3016540160,0,0,0,0,5493,5360,0,0,0,979,767,0,3221221376,10,10,0,0,0
12-12 00:21:50,0.063,0.125,99.750,0.063,0,880517120,63024484352,260583424,3016531968,0,106496,0,6,1217,1039,0,0,0,225,366,0,3221221376,10,9,0,0,0
12-12 00:21:51,0,0.063,99.937,0,0,880508928,63024492544,260583424,3016531968,0,0,0,0,306,342,0,0,0,110,207,0,3221221376,10,9,0,0,0
12-12 00:21:52,0,0.125,99.875,0,0,880500736,63024500736,260583424,3016531968,0,1523712,0,352,717,564,0,0,0,270,151,0,3221221376,10,9,0,0,0
12-12 00:21:53,0,0.063,99.937,0,0,880500736,63024500736,260583424,3016531968,0,0,0,0,588,342,0,0,0,94,154,0,3221221376,10,9,0,0,0
12-12 00:21:54,0,0.062,99.938,0,0,880500736,63024500736,260583424,3016531968,0,0,0,0,913,334,0,0,0,88,151,0,3221221376,10,9,0,0,0
12-12 00:21:55,0,0.125,99.875,0,0,880496640,63024500736,260587520,3016531968,0,73728,0,4,306,334,0,0,0,124,211,0,3221221376,10,9,0,0,0
12-12 00:21:56,0,0.063,99.937,0,0,880496640,63024500736,260587520,3016531968,0,0,0,0,897,572,0,0,0,105,171,0,3221221376,10,9,0,0,0
12-12 00:21:57,1.378,0.501,98.120,0,0,882401280,63022596096,260587520,3016527872,0,770048,0,182,5059,4694,0,0,0,875,691,0,3221221376,10,10,0,0,0
12-12 00:21:58,5.625,1.375,93,0,0,940920832,62964072448,260587520,3016540160,0,0,0,0,12710,5705,0,0,0,1168,1035,0,3221221376,10,10,0,0,0
12-12 00:21:59,64.500,35.500,0,0,0,1285787648,62619205632,260587520,3016544256,0,0,0,0,418,646,0,0,0,4273,3301913,0,3221221376,10,10,0,0,0
12-12 00:22:00,36.005,3.131,60.864,0,0,1584476160,62320496640,260587520,3016548352,0,0,0,0,1094,342,0,0,0,5166,4243,0,3221221376,10,10,0,0,0
12-12 00:22:01,0,0.063,99.937,0,0,1584607232,62320365568,260587520,3016548352,0,1130496,0,18,486,350,0,0,0,112,191,0,3221221376,10,10,0,0,0
12-12 00:22:02,0,0.063,99.937,0,0,1584607232,62320365568,260587520,3016548352,0,1269760,0,294,1017,572,0,0,0,227,153,0,3221221376,10,10,0,0,0
12-12 00:22:03,0,0.125,99.875,0,0,1584476160,62320496640,260587520,3016548352,0,0,0,0,306,342,0,0,0,106,182,0,3221221376,10,10,0,0,0
12-12 00:22:04,0,0.063,99.937,0,0,1584476160,62320496640,260587520,3016548352,0,0,0,0,819,456,0,0,0,93,148,0,3221221376,10,10,0,0,0
12-12 00:22:05,6.053,0.820,93.127,0,0,1598119936,62306844672,260587520,3016556544,0,0,0,0,18703426,9536402,154,128,225,4609,4608,0,3221221376,10,74,0,0,0
12-12 00:22:06,5.125,0.438,94.438,0,0,1599070208,62305894400,260587520,3016556544,0,0,0,0,17081931,8675864,138,138,180,3856,2538,0,3221221376,10,74,0,0,0
12-12 00:22:07,8.392,0.890,90.655,0.064,0,1599037440,62305927168,260587520,3016556544,0,73728,0,8,34093890,17318007,224,321,336,7144,4925,0,3221221376,10,74,0,0,0
12-12 00:22:08,6.842,0.816,92.341,0,0,1599193088,62305767424,260587520,3016560640,0,0,0,0,25547377,12969434,239,250,239,5504,3673,0,3221221376,10,74,0,0,0
12-12 00:22:09,7.881,0.631,91.488,0,0,1599254528,62305705984,260587520,3016560640,0,0,0,0,28962130,14711987,199,288,320,6125,4091,0,3221221376,10,74,0,0,0
12-12 00:22:10,8.045,0.817,91.138,0,0,1599442944,62305517568,260587520,3016560640,0,0,0,0,28772620,14623313,238,367,337,6269,4172,0,3221221376,10,74,0,0,0
12-12 00:22:11,8.402,1.327,90.272,0,0,1604087808,62300872704,260587520,3016560640,0,0,0,0,30322548,15413005,322,237,267,6832,4521,0,3221221376,10,79,0,0,0
12-12 00:22:12,6.082,0.690,93.229,0,0,1600983040,62303977472,260587520,3016560640,0,0,0,0,20618231,10476878,137,238,211,5171,3079,0,3221221376,10,74,0,0,0
12-12 00:22:13,8.035,0.879,91.086,0,0,1601302528,62303657984,260587520,3016560640,0,770048,0,168,28710624,14588539,237,318,299,6340,4195,0,3221221376,10,74,0,0,0
12-12 00:22:14,8.275,0.573,91.152,0,0,1601523712,62303436800,260587520,3016560640,0,0,0,0,31824163,16171718,248,280,275,6758,4585,0,3221221376,10,74,0,0,0
12-12 00:22:15,7.506,0.827,91.667,0,0,1601744896,62303215616,260587520,3016560640,0,0,0,0,30720676,15599972,225,299,292,6580,4510,0,3221221376,10,74,0,0,0
12-12 00:22:16,3.266,0.503,96.231,0,0,1597706240,62307241984,260587520,3016564736,0,0,0,0,11997047,6086933,126,77,136,3199,2219,0,3221221376,10,10,0,64,0
12-12 00:22:17,0,0.125,99.875,0,0,1597104128,62307844096,260587520,3016564736,0,0,0,0,546,374,0,0,0,93,155,0,3221221376,10,10,0,64,0
12-12 00:22:18,0,0.125,99.875,0,0,1597104128,62307844096,260587520,3016564736,0,0,0,0,725,334,0,0,0,90,149,0,3221221376,10,10,0,64,0
12-12 00:22:19,0,0.062,99.875,0.062,0,1597104128,62307844096,260587520,3016564736,0,65536,0,6,1000,564,0,0,0,119,198,0,3221221376,10,10,0,64,0
12-12 00:22:20,0,0.125,99.875,0,0,1597104128,62307844096,260587520,3016564736,0,0,0,0,879,350,0,0,0,92,153,0,3221221376,10,10,0,64,0
12-12 00:22:21,14.527,1.503,83.970,0,0,884195328,63020695552,260587520,3016617984,0,0,0,0,894,1291,0,0,0,1156,667,0,3221221376,10,9,0,64,0
12-12 00:22:22,0,0.063,99.937,0,0,881348608,63023341568,260587520,3016814592,0,0,0,0,777,588,0,0,0,90,169,0,3221221376,10,9,0,64,0
12-12 00:22:23,0.188,0.125,99.688,0,0,881897472,63022792704,260587520,3016814592,0,0,0,0,2547,2319,0,0,0,217,227,0,3221221376,10,10,0,64,0
12-12 00:22:24,1.129,0.502,98.370,0,0,882266112,63022415872,260587520,3016814592,0,0,0,0,4885,26613,0,0,0,794,751,0,3221221376,10,10,0,64,0
12-12 00:22:25,0,0.125,99.875,0,0,882221056,63022460928,260587520,3016822784,0,671744,0,70,6534,77576,0,0,0,281,431,0,3221221376,10,10,0,64,0
12-12 00:22:26,0,0.125,99.875,0,0,882196480,63022485504,260587520,3016822784,0,0,0,0,7239,73658,0,0,0,272,440,0,3221221376,10,10,0,64,0
12-12 00:22:27,0.125,0.125,99.750,0,0,880971776,63023710208,260587520,3016814592,0,0,0,0,1782,7267,0,0,0,237,419,0,3221221376,10,9,0,64,0
12-12 00:22:28,0,0.063,99.937,0,0,880971776,63023710208,260587520,3016814592,0,1572864,0,352,827,334,0,0,0,253,156,0,3221221376,10,9,0,64,0
12-12 00:22:29,0,0.125,99.875,0,0,880971776,63023710208,260587520,3016814592,0,0,0,0,873,640,0,0,0,101,159,0,3221221376,10,9,0,64,0
12-12 00:22:30,0,0.063,99.937,0,0,880971776,63023710208,260591616,3016810496,0,98304,0,4,485,334,0,0,0,111,171,0,3221221376,10,9,0,64,0
12-12 00:22:31,0,0.125,99.875,0,0,880967680,63023710208,260591616,3016814592,0,0,0,0,1035,350,0,0,0,125,217,0,3221221376,10,9,0,64,0
12-12 00:22:32,0,0.125,99.875,0,0,880967680,63023710208,260591616,3016814592,0,0,0,0,537,564,0,0,0,98,159,0,3221221376,10,9,0,64,0
12-12 00:22:33,0,0.063,99.937,0,0,880967680,63023710208,260591616,3016814592,0,0,0,0,521,334,0,0,0,89,151,0,3221221376,10,9,0,64,0
12-12 00:22:34,1.500,0.938,97.562,0,0,881971200,63022706688,260591616,3016818688,0,0,0,0,5811,5741,0,0,0,996,866,0,3221221376,10,10,0,64,0
12-12 00:22:35,1.503,0.626,97.871,0,0,880549888,63024128000,260591616,3016810496,0,0,0,0,5300,5305,0,0,0,1120,928,0,3221221376,10,9,0,64,0
12-12 00:22:36,0.062,0.062,99.812,0.062,0,880230400,63024447488,260591616,3016814592,0,114688,0,6,537,588,0,0,0,113,199,0,3221221376,10,9,0,64,0
12-12 00:22:37,0,0.125,99.875,0,0,880218112,63024455680,260591616,3016818688,0,0,0,0,546,350,0,0,0,87,151,0,3221221376,10,9,0,64,0
12-12 00:22:38,1.817,0.501,97.682,0,0,880357376,63024365568,260591616,3016802304,0,1622016,0,364,5694,5331,0,0,0,1239,864,0,3221221376,10,9,0,64,0
12-12 00:22:39,0.188,0.188,99.625,0,0,881324032,63023390720,260591616,3016802304,0,0,0,0,3995,2981,0,0,0,247,260,0,3221221376,10,10,0,64,0
12-12 00:22:40,2.130,0.627,97.243,0,0,880623616,63024091136,260591616,3016810496,0,0,0,0,3524,3150,0,0,0,961,903,0,3221221376,10,9,0,64,0
12-12 00:22:41,0,0.125,99.875,0,0,880521216,63024447488,260591616,3016552448,0,204800,0,10,982,358,0,0,0,120,202,0,3221221376,10,9,0,64,0
12-12 00:22:42,0,0.063,99.937,0,0,880504832,63024463872,260591616,3016552448,0,0,0,0,879,580,0,0,0,92,157,0,3221221376,10,9,0,64,0
12-12 00:22:43,0,0.125,99.875,0,0,880504832,63024463872,260591616,3016552448,0,0,0,0,366,334,0,0,0,101,185,0,3221221376,10,9,0,64,0
12-12 00:22:44,0,0.063,99.937,0,0,880504832,63024463872,260591616,3016552448,0,0,0,0,305,334,0,0,0,83,144,0,3221221376,10,9,0,64,0
12-12 00:22:45,0,0.125,99.875,0,0,880504832,63024463872,260591616,3016552448,0,0,0,0,486,334,0,0,0,96,158,0,3221221376,10,9,0,64,0
12-12 00:22:46,0,0.125,99.875,0,0,880504832,63024463872,260591616,3016552448,0,0,0,0,417,564,0,0,0,97,179,0,3221221376,10,9,0,64,0
12-12 00:22:47,0,0.125,99.813,0.062,0,880500736,63024463872,260595712,3016552448,0,24576,0,4,820,334,0,0,0,119,201,0,3221221376,10,9,0,64,0
12-12 00:22:48,1.501,0.688,97.811,0,0,881254400,63023710208,260595712,3016552448,0,0,0,0,14516,6189,0,0,0,1069,909,0,3221221376,10,9,0,64,0
12-12 00:22:49,0,0.125,99.875,0,0,880635904,63024328704,260595712,3016548352,0,1785856,0,400,598,588,0,0,0,295,169,0,3221221376,10,9,0,64,0
12-12 00:22:50,0.188,0.063,99.750,0,0,881057792,63023906816,260595712,3016548352,0,0,0,0,2808,2335,0,0,0,205,184,0,3221221376,10,10,0,64,0
12-12 00:22:51,32.605,18.051,49.344,0,0,1103454208,62801510400,260595712,3016556544,0,0,0,0,3534,3468,0,0,0,2804,1422088,0,3221221376,10,9,0,64,0
12-12 00:22:52,67.126,17.971,14.903,0,0,1561067520,62343892992,260595712,3016560640,0,0,0,0,657,588,0,0,0,6694,1390983,0,3221221376,10,9,0,64,0
12-12 00:22:53,0,0.125,99.875,0,0,1561165824,62343794688,260595712,3016560640,0,1089536,0,8,588,358,0,0,0,100,168,0,3221221376,10,9,0,64,0
12-12 00:22:54,0,0.063,99.937,0,0,1561165824,62343794688,260595712,3016560640,0,0,0,0,485,350,0,0,0,84,150,0,3221221376,10,9,0,64,0
12-12 00:22:55,0,0.125,99.875,0,0,1561165824,62343794688,260595712,3016560640,0,0,0,0,426,334,0,0,0,109,191,0,3221221376,10,9,0,64,0
12-12 00:22:56,0,0.063,99.937,0,0,1561165824,62343794688,260595712,3016560640,0,0,0,0,819,564,0,0,0,107,186,0,3221221376,10,9,0,64,0
12-12 00:22:57,3.507,0.564,95.930,0,0,1570910208,62334050304,260595712,3016560640,0,0,0,0,9278668,4751454,67,38,221,2518,3323,0,3221221376,10,71,0,64,0
12-12 00:22:58,7.585,0.695,91.719,0,0,1574871040,62330081280,260595712,3016568832,0,0,0,0,27736737,14093042,305,122,446,6010,3989,0,3221221376,10,71,0,64,0
12-12 00:22:59,5.650,0.691,93.597,0.063,0,1574965248,62329987072,260595712,3016568832,0,65536,0,8,19925886,10126461,198,85,288,4653,2892,0,3221221376,10,71,0,64,0
12-12 00:23:00,7.414,0.634,91.952,0,0,1575378944,62329573376,260595712,3016568832,0,0,0,0,27751923,14098524,256,171,407,6474,3935,0,3221221376,10,71,0,64,0
12-12 00:23:01,6.187,0.694,93.119,0,0,1575378944,62329573376,260595712,3016568832,0,0,0,0,24207788,12292919,243,129,398,5363,3379,0,3221221376,10,71,0,64,0
12-12 00:23:02,6.784,0.942,92.274,0,0,1575632896,62329319424,260595712,3016568832,0,0,0,0,25104891,12753240,234,238,390,5554,3586,0,3221221376,10,71,0,64,0
12-12 00:23:03,8.349,0.691,90.960,0,0,1575759872,62329192448,260595712,3016568832,0,0,0,0,28668884,14557147,254,172,507,6110,4090,0,3221221376,10,71,0,64,0
12-12 00:23:04,7.107,0.881,92.013,0,0,1575886848,62329065472,260595712,3016568832,0,0,0,0,25456673,12939800,283,154,474,5750,3744,0,3221221376,10,71,0,64,0
12-12 00:23:05,7.614,0.698,91.688,0,0,1576108032,62328844288,260595712,3016568832,0,24576,0,4,28642645,14563152,273,189,429,6252,4153,0,3221221376,10,71,1,64,0
12-12 00:23:06,6.341,0.571,93.088,0,0,1577353216,62327586816,260595712,3016572928,0,0,0,0,24689748,12544907,297,188,390,5599,3463,0,3221221376,10,72,0,64,0
12-12 00:23:07,9.395,0.820,89.786,0,0,1577766912,62327173120,260595712,3016572928,0,0,0,0,33577115,17060442,363,224,503,7128,4693,0,3221221376,10,72,0,64,0
12-12 00:23:08,5.979,0.755,93.266,0,0,1573085184,62331850752,260595712,3016577024,0,0,0,0,20545509,10435709,216,115,329,5195,3317,0,3221221376,10,9,1,125,0
12-12 00:23:09,0,0.125,99.875,0,0,1571774464,62333161472,260595712,3016577024,0,0,0,0,818,612,0,0,0,97,175,0,3221221376,10,9,0,126,0
12-12 00:23:10,0,0.063,99.937,0,0,1571774464,62333161472,260595712,3016577024,0,0,0,0,770,334,0,0,0,90,154,0,3221221376,10,9,0,126,0
12-12 00:23:11,0,0.125,99.875,0,0,1571774464,62333161472,260595712,3016577024,0,98304,0,8,880,334,0,0,0,133,220,0,3221221376,10,9,0,126,0
12-12 00:23:12,0,0.125,99.875,0,0,1571774464,62333161472,260595712,3016577024,0,0,0,0,879,580,0,0,0,93,155,0,3221221376,10,9,0,126,0
12-12 00:23:13,12.711,1.315,85.974,0,0,892567552,63012331520,260595712,3016613888,0,0,0,0,366,446,0,0,0,956,481,0,3221221376,10,9,0,126,0
12-12 00:23:14,0,0.063,99.937,0,0,881295360,63023386624,260595712,3016822784,0,1802240,0,360,1025,358,0,0,0,534,220,0,3221221376,10,9,0,126,0
12-12 00:23:15,0,0.125,99.875,0,0,881287168,63023394816,260595712,3016822784,0,0,0,0,186,350,0,0,0,113,199,0,3221221376,10,9,0,126,0
12-12 00:23:16,1.378,0.564,98.058,0,0,882683904,63021998080,260595712,3016830976,0,0,0,0,4862,4516,0,0,0,865,700,0,3221221376,10,10,0,62,0
12-12 00:23:17,0.062,0.187,99.688,0.062,0,882266112,63022415872,260595712,3016830976,0,155648,0,4,7312,74552,0,0,0,289,446,0,3221221376,10,10,0,62,0
12-12 00:23:18,0,0.125,99.875,0,0,882266112,63022415872,260595712,3016830976,0,0,0,0,6833,75548,0,0,0,249,400,0,3221221376,10,10,0,62,0
12-12 00:23:19,0,0.125,99.875,0,0,880852992,63023828992,260595712,3016830976,0,0,0,0,3820,30395,0,0,0,290,497,0,3221221376,10,9,0,62,0
12-12 00:23:20,0,0.125,99.875,0,0,880443392,63024238592,260595712,3016822784,0,0,0,0,665,334,0,0,0,89,153,0,3221221376,10,9,0,62,0
12-12 00:23:21,0,0.063,99.937,0,0,880435200,63024246784,260595712,3016822784,0,0,0,0,306,334,0,0,0,90,167,0,3221221376,10,9,0,62,0
12-12 00:23:22,0.062,0.125,99.813,0,0,880418816,63024263168,260595712,3016822784,0,90112,0,4,879,564,0,0,0,103,168,0,3221221376,10,9,0,62,0
12-12 00:23:23,0,0.063,99.937,0,0,880418816,63024263168,260595712,3016822784,0,0,0,0,426,350,0,0,0,102,179,0,3221221376,10,9,0,62,0
12-12 00:23:24,0,0.125,99.875,0,0,880418816,63024263168,260595712,3016822784,0,0,0,0,579,334,0,0,0,96,162,0,3221221376,10,9,0,62,0
12-12 00:23:25,0.062,0.062,99.875,0,0,880418816,63024263168,260595712,3016822784,0,0,0,0,246,334,0,0,0,92,155,0,3221221376,10,9,0,62,0
12-12 00:23:26,0,0.125,99.875,0,0,880418816,63024263168,260595712,3016822784,0,0,0,0,657,564,0,0,0,101,183,0,3221221376,10,9,0,62,0
12-12 00:23:27,0,0.063,99.937,0,0,880418816,63024263168,260595712,3016822784,0,0,0,0,126,334,0,0,0,97,175,0,3221221376,10,9,0,62,0
12-12 00:23:28,0.125,0.125,99.688,0.062,0,881442816,63023239168,260595712,3016822784,0,24576,0,4,2558,2627,0,0,0,204,189,0,3221221376,10,10,0,62,0
12-12 00:23:29,1.502,0.626,97.872,0,0,880947200,63023730688,260595712,3016826880,0,0,0,0,3284,3530,0,0,0,943,861,0,3221221376,10,9,0,62,0
12-12 00:23:30,0,0.063,99.937,0,0,880963584,63023714304,260595712,3016826880,0,1605632,0,352,365,358,0,0,0,252,153,0,3221221376,10,9,0,62,0
12-12 00:23:31,1.377,0.688,97.935,0,0,882462720,63022215168,260595712,3016830976,0,0,0,0,5339,5281,0,0,0,926,915,0,3221221376,10,9,1,62,0
12-12 00:23:32,0,0.125,99.875,0,0,880836608,63023841280,260595712,3016830976,0,0,0,0,1407,588,0,0,0,159,221,0,3221221376,10,9,0,62,0
12-12 00:23:33,0,0.063,99.937,0,0,880836608,63023841280,260595712,3016826880,0,0,0,0,186,334,0,0,0,80,144,0,3221221376,10,9,0,62,0
12-12 00:23:34,1.064,0.501,98.435,0,0,883924992,63020752896,260595712,3016830976,0,139264,0,8,4954,3554,0,0,0,606,622,0,3221221376,10,10,0,62,0
12-12 00:23:35,0.375,0.250,99.375,0,0,880730112,63023964160,260595712,3016814592,0,0,0,0,1548,2151,0,0,0,475,498,0,3221221376,10,9,1,62,0
12-12 00:23:36,1.504,0.752,97.744,0,0,881106944,63023837184,260595712,3016564736,0,0,0,0,6269,5725,0,0,0,1011,932,0,3221221376,10,9,0,62,0
12-12 00:23:37,0,0.125,99.875,0,0,880918528,63024025600,260595712,3016564736,0,0,0,0,246,358,0,0,0,85,152,0,3221221376,10,9,0,62,0
12-12 00:23:38,0,0.062,99.938,0,0,880918528,63024025600,260595712,3016564736,0,0,0,0,485,334,0,0,0,84,152,0,3221221376,10,9,0,62,0
12-12 00:23:39,0,0.125,99.875,0,0,880918528,63024025600,260595712,3016560640,0,0,0,0,538,564,0,0,0,102,176,0,3221221376,10,9,0,62,0
12-12 00:23:40,0,0.063,99.875,0.063,0,880914432,63024025600,260599808,3016560640,0,2138112,0,450,770,334,0,0,0,324,170,0,3221221376,10,9,0,62,0
12-12 00:23:41,0,0.125,99.875,0,0,880914432,63024025600,260599808,3016560640,0,0,0,0,486,350,0,0,0,101,175,0,3221221376,10,9,0,62,0
12-12 00:23:42,0,0.063,99.937,0,0,880906240,63024033792,260599808,3016560640,0,0,0,0,777,564,0,0,0,90,152,0,3221221376,10,9,0,62,0
12-12 00:23:43,0,0.125,99.875,0,0,880906240,63024033792,260599808,3016560640,0,0,0,0,766,466,0,0,0,126,197,0,3221221376,10,9,0,62,0
12-12 00:23:44,1.565,0.313,98.121,0,0,883097600,63021842432,260599808,3016560640,0,0,0,0,4744,4176,0,0,0,739,657,0,3221221376,10,10,0,62,0
12-12 00:23:45,0.187,0.187,99.625,0,0,880766976,63024173056,260599808,3016560640,0,98304,0,6,10640,2281,0,0,0,386,461,0,3221221376,10,9,0,62,0
12-12 00:23:46,0,0.063,99.937,0,0,880750592,63024189440,260599808,3016560640,0,0,0,0,597,580,0,0,0,105,183,0,3221221376,10,9,0,62,0
12-12 00:23:47,0,0.125,99.875,0,0,880742400,63024197632,260599808,3016560640,0,0,0,0,186,334,0,0,0,99,185,0,3221221376,10,9,0,62,0
12-12 00:23:48,0,0.063,99.937,0,0,880742400,63024197632,260599808,3016560640,0,0,0,0,425,334,0,0,0,84,145,0,3221221376,10,9,0,62,0
12-12 00:23:49,0.562,0.312,99.125,0,0,886149120,63018790912,260599808,3016560640,0,0,0,0,4763,3718,0,0,0,493,460,0,3221221376,10,10,0,62,0
12-12 00:23:50,45.602,31.004,23.394,0,0,1155170304,62749769728,260599808,3016568832,0,0,0,0,1937,2315,0,0,0,3691,2792714,0,3221221376,10,9,0,62,0
12-12 00:23:51,53.383,5.890,40.727,0,0,1559506944,62345428992,260599808,3016572928,0,81920,0,4,186,358,0,0,0,5595,322499,0,3221221376,10,9,0,62,0
12-12 00:23:52,0,0.063,99.937,0,0,1559379968,62345555968,260599808,3016572928,0,0,0,0,1179,366,0,0,0,97,155,0,3221221376,10,9,0,62,0
12-12 00:23:53,0,0.063,99.937,0,0,1559379968,62345555968,260599808,3016572928,0,0,0,0,1454,564,0,0,0,102,157,0,3221221376,10,9,0,62,0
12-12 00:23:54,0,0.063,99.937,0,0,1559379968,62345555968,260599808,3016572928,0,0,0,0,905,334,0,0,0,90,145,0,3221221376,10,9,0,62,0
12-12 00:23:55,0,0.063,99.937,0,0,1559379968,62345555968,260599808,3016572928,0,2367488,0,330,858,668,0,0,0,269,191,0,3221221376,10,9,0,62,0
12-12 00:23:56,5.319,0.939,93.742,0,0,1571917824,62333014016,260599808,3016577024,0,114688,0,6,14694291,7497824,160,128,270,3766,4007,0,3221221376,10,71,0,62,0
12-12 00:23:57,7.673,0.629,91.698,0,0,1573466112,62331461632,260599808,3016581120,0,0,0,0,26003546,13207661,273,194,531,5635,3541,0,3221221376,10,71,0,62,0
12-12 00:23:58,7.335,0.815,91.850,0,0,1574100992,62330826752,260599808,3016581120,0,0,0,0,25481173,12940454,302,234,407,5695,3534,0,3221221376,10,71,0,62,0
12-12 00:23:59,8.045,1.069,90.886,0,0,1574354944,62330572800,260599808,3016581120,0,0,0,0,28932298,14691621,315,274,464,6265,4043,0,3221221376,10,71,0,62,0
12-12 00:24:00,7.312,1,91.688,0,0,1574420480,62330507264,260599808,3016581120,0,0,0,0,24445187,12422887,294,178,462,5582,3476,0,3221221376,10,71,0,62,0
12-12 00:24:01,7.605,0.817,91.578,0,0,1574641664,62330286080,260599808,3016581120,0,0,0,0,25806622,13116877,325,292,401,5746,3787,0,3221221376,10,71,0,62,0
12-12 00:24:02,5.875,0.695,93.367,0.063,0,1574731776,62330191872,260603904,3016581120,0,65536,0,8,22315827,11340378,219,235,463,5093,3177,0,3221221376,10,71,0,62,0
12-12 00:24:03,7.382,0.946,91.672,0,0,1574924288,62329999360,260603904,3016581120,0,0,0,0,27646032,14039383,303,312,435,5971,3984,0,3221221376,10,71,0,62,0
12-12 00:24:04,6.309,0.694,92.997,0,0,1575014400,62329905152,260603904,3016585216,0,0,0,0,24021591,12192448,228,251,505,5224,3229,0,3221221376,10,71,0,62,0
12-12 00:24:05,8.890,0.820,90.290,0,0,1575362560,62329556992,260603904,3016585216,0,0,0,0,31222988,15858296,318,317,568,6681,4396,0,3221221376,10,71,0,62,0
12-12 00:24:06,7.319,0.820,91.861,0,0,1575743488,62329176064,260603904,3016585216,0,0,0,0,27697291,14050628,298,256,541,5935,3693,0,3221221376,10,71,0,62,0
12-12 00:24:07,6.842,0.691,92.467,0,0,1572941824,62331973632,260603904,3016589312,0,0,0,0,22576812,11466588,220,227,369,5309,3720,0,3221221376,10,9,0,124,0
12-12 00:24:08,0,0.125,99.875,0,0,1572528128,62332387328,260603904,3016589312,0,73728,0,8,185,374,0,0,0,91,164,0,3221221376,10,9,0,124,0
12-12 00:24:09,0,0.125,99.875,0,0,1572528128,62332387328,260603904,3016589312,0,0,0,0,1027,580,0,0,0,113,176,0,3221221376,10,9,0,62,0
12-12 00:24:10,0,0.063,99.937,0,0,1572528128,62332387328,260603904,3016589312,0,0,0,0,890,454,0,0,0,100,162,0,3221221376,10,9,0,62,0
12-12 00:24:11,0,0.125,99.875,0,0,1572528128,62332387328,260603904,3016589312,0,0,0,0,186,334,0,0,0,110,205,0,3221221376,10,9,0,62,0
12-12 00:24:12,13.204,1.564,85.232,0,0,885510144,63019343872,260603904,3016646656,0,0,0,0,1044,1913,0,0,0,1250,546,0,3221221376,10,10,0,62,0
12-12 00:24:13,0.125,0.125,99.750,0,0,881135616,63023521792,260603904,3016839168,0,0,0,0,1288,1877,0,0,0,236,291,0,3221221376,10,9,1,62,0
12-12 00:24:14,0,0.125,99.813,0.062,0,881123328,63023529984,260608000,3016839168,0,647168,0,70,645,342,0,0,0,132,174,0,3221221376,10,9,0,62,0
12-12 00:24:15,1.381,0.502,98.117,0,0,882003968,63022645248,260608000,3016843264,0,0,0,0,5795,16620,0,0,0,846,784,0,3221221376,10,10,0,62,0
12-12 00:24:16,0.062,0.125,99.812,0,0,882184192,63022465024,260608000,3016851456,0,0,0,0,7195,83602,0,0,0,257,437,0,3221221376,10,10,0,62,0
12-12 00:24:17,0,0.188,99.812,0,0,882184192,63022465024,260608000,3016851456,0,0,0,0,6882,76694,0,0,0,244,411,0,3221221376,10,10,0,62,0
12-12 00:24:18,0,0.188,99.812,0,0,880730112,63023919104,260608000,3016847360,0,0,0,0,2531,12257,0,0,0,219,410,0,3221221376,10,9,0,62,0
12-12 00:24:19,0,0.063,99.937,0,0,880730112,63023919104,260608000,3016847360,0,131072,0,6,598,564,0,0,0,119,199,0,3221221376,10,9,0,62,0
12-12 00:24:20,0,0.125,99.875,0,0,880730112,63023919104,260608000,3016847360,0,0,0,0,699,350,0,0,0,87,150,0,3221221376,10,9,0,62,0
12-12 00:24:21,0,0.063,99.937,0,0,880721920,63023927296,260608000,3016847360,0,0,0,0,306,334,0,0,0,101,178,0,3221221376,10,9,0,62,0
12-12 00:24:22,0,0.125,99.875,0,0,880721920,63023927296,260608000,3016847360,0,0,0,0,305,334,0,0,0,82,143,0,3221221376,10,9,0,62,0
12-12 00:24:23,0,0.063,99.937,0,0,880721920,63023927296,260608000,3016847360,0,0,0,0,538,564,0,0,0,117,193,0,3221221376,10,9,0,62,0
12-12 00:24:24,0,0.125,99.875,0,0,880721920,63023927296,260608000,3016847360,0,0,0,0,425,334,0,0,0,99,135,0,3221221376,10,9,0,62,0
12-12 00:24:25,1.628,0.689,97.621,0.063,0,882540544,63022108672,260608000,3016843264,0,24576,0,4,5239,5477,0,0,0,961,814,0,3221221376,10,9,1,62,0
12-12 00:24:26,0.062,0.188,99.750,0,0,880746496,63023902720,260608000,3016843264,0,1875968,0,416,585,794,0,0,0,408,293,0,3221221376,10,9,0,62,0
12-12 00:24:27,0,0.125,99.875,0,0,880746496,63023902720,260608000,3016843264,0,0,0,0,366,350,0,0,0,105,183,0,3221221376,10,9,0,62,0
12-12 00:24:28,0,0.063,99.937,0,0,880746496,63023902720,260608000,3016843264,0,0,0,0,1059,334,0,0,0,98,156,0,3221221376,10,9,0,62,0
12-12 00:24:29,0.125,0.188,99.688,0,0,881303552,63023345664,260608000,3016843264,0,0,0,0,2791,2791,0,0,0,204,193,0,3221221376,10,10,0,62,0
12-12 00:24:30,1.315,0.689,97.996,0,0,880631808,63024013312,260612096,3016843264,0,114688,0,6,3619,3260,0,0,0,930,898,0,3221221376,10,9,0,62,0
12-12 00:24:31,0,0.125,99.875,0,0,880615424,63024029696,260612096,3016843264,0,1228800,0,282,606,366,0,0,0,249,220,0,3221221376,10,9,0,62,0
12-12 00:24:32,0.188,0.125,99.688,0,0,881340416,63023304704,260612096,3016843264,0,0,0,0,2688,2401,0,0,0,210,187,0,3221221376,10,10,0,62,0
12-12 00:24:33,1.253,0.689,98.058,0,0,880828416,63023837184,260612096,3016826880,0,0,0,0,5599,5585,0,0,0,1004,881,0,3221221376,10,10,0,62,0
12-12 00:24:34,1.251,0.813,97.936,0,0,879980544,63024959488,260612096,3016577024,0,0,0,0,3757,3652,0,0,0,840,874,0,3221221376,10,9,0,62,0
12-12 00:24:35,0,0.125,99.875,0,0,879972352,63024967680,260612096,3016577024,0,0,0,0,606,358,0,0,0,116,196,0,3221221376,10,9,0,62,0
12-12 00:24:36,0,0.063,99.937,0,0,879964160,63024975872,260612096,3016577024,0,1736704,0,364,999,564,0,0,0,288,202,0,3221221376,10,9,0,62,0
12-12 00:24:37,0,0.125,99.875,0,0,879955968,63024984064,260612096,3016577024,0,0,0,0,318,700,0,0,0,93,151,0,3221221376,10,9,0,62,0
12-12 00:24:38,0,0.063,99.937,0,0,879955968,63024984064,260612096,3016577024,0,0,0,0,640,334,0,0,0,85,153,0,3221221376,10,9,0,62,0
12-12 00:24:39,0.062,0.062,99.875,0,0,879955968,63024984064,260612096,3016577024,0,0,0,0,1267,564,0,0,0,120,202,0,3221221376,10,9,0,62,0
12-12 00:24:40,0,0.125,99.875,0,0,879955968,63024984064,260612096,3016577024,0,0,0,0,1507,334,0,0,0,103,163,0,3221221376,10,9,0,62,0
12-12 00:24:41,0,0.125,99.875,0,0,880496640,63024443392,260612096,3016572928,0,0,0,0,537,581,0,0,0,181,192,0,3221221376,10,10,0,62,0
12-12 00:24:42,1.564,0.563,97.810,0.063,0,880386048,63024549888,260616192,3016572928,0,32768,0,6,13495,5828,0,0,0,975,950,0,3221221376,10,9,0,62,0
12-12 00:24:43,0,0.125,99.875,0,0,880349184,63024586752,260616192,3016572928,0,0,0,0,658,596,0,0,0,111,190,0,3221221376,10,9,0,62,0
12-12 00:24:44,0,0.125,99.875,0,0,880349184,63024586752,260616192,3016572928,0,0,0,0,485,334,0,0,0,85,143,0,3221221376,10,9,0,62,0
12-12 00:24:45,0,0.125,99.875,0,0,880349184,63024586752,260616192,3016572928,0,0,0,0,198,668,0,0,0,90,157,0,3221221376,10,9,0,62,0
12-12 00:24:46,0,0.063,99.937,0,0,880332800,63024603136,260616192,3016572928,0,1179648,0,276,1111,564,0,0,0,234,190,0,3221221376,10,9,0,62,0
12-12 00:24:47,0,0.125,99.875,0,0,880332800,63024603136,260616192,3016572928,0,0,0,0,760,350,0,0,0,116,194,0,3221221376,10,9,0,62,0
12-12 00:24:48,0,0.063,99.937,0,0,880328704,63024603136,260620288,3016572928,0,90112,0,4,365,334,0,0,0,93,161,0,3221221376,10,9,0,62,0
12-12 00:24:49,0,0.125,99.875,0,0,880328704,63024603136,260620288,3016572928,0,0,0,0,298,580,0,0,0,85,151,0,3221221376,10,9,0,62,0
12-12 00:24:50,1.126,0.375,98.499,0,0,881483776,63023443968,260620288,3016585216,0,0,0,0,4624,3620,0,0,0,570,551,0,3221221376,10,10,0,62,0
12-12 00:24:51,39.788,23.798,36.415,0,0,1144475648,62760452096,260620288,3016585216,0,1097728,0,250,1932,2015,0,0,0,3373,2010260,0,3221221376,10,9,0,62,0
12-12 00:24:52,57.009,9.324,33.667,0,0,1561088000,62343827456,260620288,3016589312,0,0,0,0,365,366,0,0,0,5899,558865,0,3221221376,10,9,0,62,0
12-12 00:24:53,0,0.063,99.937,0,0,1561088000,62343827456,260620288,3016589312,0,0,0,0,538,588,0,0,0,89,153,0,3221221376,10,9,0,62,0
12-12 00:24:54,0,0.062,99.875,0.062,0,1561251840,62343663616,260620288,3016589312,0,1105920,0,8,305,334,0,0,0,93,163,0,3221221376,10,9,0,62,0
12-12 00:24:55,0,0.125,99.875,0,0,1561251840,62343663616,260620288,3016589312,0,0,0,0,640,454,0,0,0,114,201,0,3221221376,10,9,0,62,0
12-12 00:24:56,0,0.063,99.937,0,0,1561251840,62343663616,260620288,3016589312,0,0,0,0,837,564,0,0,0,101,169,0,3221221376,10,9,0,62,0
12-12 00:24:57,3.887,0.564,95.549,0,0,1573572608,62331342848,260620288,3016589312,0,155648,0,36,9541512,4867482,66,83,192,2658,3233,0,3221221376,10,71,0,62,0
12-12 00:24:58,8.323,0.631,91.047,0,0,1575403520,62329503744,260620288,3016597504,0,0,0,0,29232793,14850821,253,295,588,6336,4046,0,3221221376,10,71,0,62,0
12-12 00:24:59,6.281,0.691,93.028,0,0,1575403520,62329503744,260620288,3016597504,0,0,0,0,21282276,10818466,188,184,424,4933,3050,0,3221221376,10,71,0,62,0
12-12 00:25:00,7.760,0.946,91.293,0,0,1575911424,62328995840,260620288,3016597504,0,73728,0,8,28184175,14316771,244,289,553,6162,3847,0,3221221376,10,71,0,62,0
12-12 00:25:01,6.818,1.010,92.172,0,0,1576099840,62328807424,260620288,3016597504,0,0,0,0,25589446,13002753,186,235,513,5788,3629,0,3221221376,10,71,0,62,0
12-12 00:25:02,7.170,0.881,91.887,0.063,0,1576792064,62328115200,260620288,3016597504,0,188416,0,32,25628113,13014103,187,229,492,5773,3683,0,3221221376,10,71,0,62,0
12-12 00:25:03,6.570,0.695,92.735,0,0,1576972288,62327930880,260620288,3016601600,0,0,0,0,24387032,12390033,211,257,487,5468,3361,0,3221221376,10,71,0,62,0
12-12 00:25:04,8.479,0.810,90.711,0,0,1577000960,62327902208,260620288,3016601600,0,0,0,0,26544657,13481197,248,299,573,5929,3603,0,3221221376,10,71,0,62,0
12-12 00:25:05,7.925,0.881,91.195,0,0,1577033728,62327869440,260620288,3016601600,0,0,0,0,27289268,13878641,227,303,563,6089,3824,0,3221221376,10,71,0,62,0
12-12 00:25:06,8.291,0.754,90.955,0,0,1577033728,62327869440,260620288,3016601600,0,0,0,0,28191457,14315254,264,299,570,6204,3859,0,3221221376,10,71,0,62,0
12-12 00:25:07,7.354,0.691,91.892,0.063,0,1577033728,62327869440,260620288,3016601600,0,598016,0,116,25251090,12824357,231,266,483,5710,3560,0,3221221376,10,71,0,62,0
12-12 00:25:08,5.622,0.569,93.809,0,0,1574260736,62330642432,260620288,3016601600,0,0,0,0,21343563,10836907,179,152,457,5046,3459,0,3221221376,10,9,0,124,0
12-12 00:25:09,0,0.063,99.937,0,0,1574137856,62330761216,260620288,3016605696,0,0,0,0,1000,664,0,0,0,120,175,0,3221221376,10,9,0,62,0
12-12 00:25:10,0,0.125,99.875,0,0,1574137856,62330761216,260620288,3016605696,0,0,0,0,830,334,0,0,0,96,153,0,3221221376,10,9,0,62,0
12-12 00:25:11,0,0.063,99.937,0,0,1574137856,62330761216,260620288,3016605696,0,0,0,0,366,334,0,0,0,105,189,0,3221221376,10,9,0,62,0
12-12 00:25:12,0,0.125,99.875,0,0,1574137856,62330761216,260620288,3016605696,0,122880,0,30,819,334,0,0,0,106,147,0,3221221376,10,9,0,62,0
12-12 00:25:13,11.872,1.445,86.683,0,0,883793920,63021006848,260620288,3016691712,0,57344,0,4,1455,938,0,0,0,1227,552,0,3221221376,10,9,0,62,0
12-12 00:25:14,0,0.125,99.875,0,0,881827840,63022809088,260620288,3016851456,0,0,0,0,707,366,0,0,0,88,167,0,3221221376,10,9,0,62,0
12-12 00:25:15,0.125,0.125,99.750,0,0,882495488,63022141440,260620288,3016851456,0,0,0,0,2061,1735,0,0,0,202,210,0,3221221376,10,10,0,62,0
12-12 00:25:16,1.438,0.750,97.811,0,0,883318784,63021309952,260620288,3016859648,0,0,0,0,4685,15803,0,0,0,840,759,0,3221221376,10,10,0,62,0
12-12 00:25:17,0,0.063,99.937,0,0,883318784,63021309952,260620288,3016859648,0,1351680,0,258,6684,74592,0,0,0,355,391,0,3221221376,10,10,0,62,0
12-12 00:25:18,0,0.125,99.812,0.063,0,883253248,63021375488,260620288,3016859648,0,147456,0,4,7953,73050,0,0,0,277,420,0,3221221376,10,10,0,62,0
12-12 00:25:19,0.063,0.125,99.812,0,0,881528832,63023083520,260628480,3016851456,0,65536,0,6,2984,18445,0,0,0,275,480,0,3221221376,10,9,0,62,0
12-12 00:25:20,0,0.125,99.875,0,0,881528832,63023083520,260628480,3016851456,0,0,0,0,485,350,0,0,0,80,135,0,3221221376,10,9,0,62,0
12-12 00:25:21,0,0.063,99.937,0,0,881520640,63023091712,260628480,3016851456,0,0,0,0,366,334,0,0,0,92,167,0,3221221376,10,9,0,62,0
12-12 00:25:22,0,0.125,99.875,0,0,881520640,63023091712,260628480,3016851456,0,909312,0,204,437,668,0,0,0,186,142,0,3221221376,10,9,0,62,0
12-12 00:25:23,0,0.063,99.937,0,0,881520640,63023091712,260628480,3016851456,0,0,0,0,418,580,0,0,0,114,192,0,3221221376,10,9,0,62,0
12-12 00:25:24,0,0.125,99.875,0,0,881520640,63023091712,260628480,3016851456,0,0,0,0,305,334,0,0,0,90,144,0,3221221376,10,9,0,62,0
12-12 00:25:25,0,0.125,99.875,0,0,881520640,63023091712,260628480,3016851456,0,73728,0,4,990,334,0,0,0,110,171,0,3221221376,10,9,0,62,0
12-12 00:25:26,1.439,0.751,97.810,0,0,886648832,63017963520,260628480,3016855552,0,0,0,0,4856,3800,0,0,0,775,639,0,3221221376,10,10,0,62,0
12-12 00:25:27,0.438,0.188,99.375,0,0,881278976,63023329280,260628480,3016855552,0,1138688,0,262,1560,2237,0,0,0,525,483,0,3221221376,10,9,0,62,0
12-12 00:25:28,0,0.125,99.875,0,0,881270784,63023337472,260628480,3016855552,0,0,0,0,617,716,0,0,0,90,139,0,3221221376,10,9,0,62,0
12-12 00:25:29,0,0.063,99.937,0,0,881270784,63023337472,260628480,3016855552,0,0,0,0,478,564,0,0,0,82,142,0,3221221376,10,9,0,62,0
12-12 00:25:30,0,0.125,99.875,0,0,881270784,63023337472,260628480,3016855552,0,0,0,0,545,334,0,0,0,82,141,0,3221221376,10,9,0,62,0
12-12 00:25:31,0,0.125,99.813,0.062,0,881262592,63023345664,260628480,3016855552,0,114688,0,4,366,334,0,0,0,118,217,0,3221221376,10,9,0,62,0
12-12 00:25:32,0.188,0.125,99.687,0,0,881782784,63022821376,260628480,3016859648,0,114688,0,28,3388,3085,0,0,0,238,235,0,3221221376,10,10,0,62,0
12-12 00:25:33,1.314,0.501,98.185,0,0,881197056,63023407104,260628480,3016859648,0,0,0,0,3416,3010,0,0,0,892,807,0,3221221376,10,9,0,62,0
12-12 00:25:34,0,0.125,99.875,0,0,881147904,63023456256,260628480,3016859648,0,0,0,0,305,358,0,0,0,78,141,0,3221221376,10,9,0,62,0
12-12 00:25:35,0,0.125,99.875,0,0,881147904,63023456256,260628480,3016859648,0,0,0,0,306,334,0,0,0,108,185,0,3221221376,10,9,0,62,0
12-12 00:25:36,1.440,0.564,97.996,0,0,881086464,63023538176,260628480,3016843264,0,0,0,0,5566,5717,0,0,0,953,919,0,3221221376,10,9,0,62,0
12-12 00:25:37,1.751,0.688,97.561,0,0,882294784,63022329856,260628480,3016843264,0,147456,0,10,5315,4822,0,0,0,975,722,0,3221221376,10,10,0,62,0
12-12 00:25:38,0.063,0.125,99.812,0,0,880758784,63024111616,260628480,3016597504,0,1597440,0,366,965,1055,0,0,0,398,363,0,3221221376,10,9,0,62,0
12-12 00:25:39,0,0.125,99.875,0,0,880758784,63024111616,260628480,3016597504,0,0,0,0,718,640,0,0,0,105,176,0,3221221376,10,9,0,62,0
12-12 00:25:40,0,0.063,99.937,0,0,880750592,63024119808,260628480,3016593408,0,0,0,0,770,334,0,0,0,87,147,0,3221221376,10,9,0,62,0
12-12 00:25:41,0,0.125,99.875,0,0,880734208,63024136192,260628480,3016593408,0,0,0,0,306,334,0,0,0,90,162,0,3221221376,10,9,0,62,0
12-12 00:25:42,0,0.062,99.938,0,0,880734208,63024136192,260628480,3016593408,0,0,0,0,939,334,0,0,0,85,143,0,3221221376,10,9,0,62,0
12-12 00:25:43,0,0.125,99.812,0.062,0,880730112,63024136192,260632576,3016593408,0,180224,0,6,1095,564,0,0,0,125,206,0,3221221376,10,9,0,62,0
12-12 00:25:44,0,0.063,99.937,0,0,880730112,63024136192,260632576,3016593408,0,0,0,0,1095,350,0,0,0,94,149,0,3221221376,10,9,0,62,0
12-12 00:25:45,0,0.125,99.875,0,0,880730112,63024136192,260632576,3016593408,0,0,0,0,684,408,0,0,0,92,145,0,3221221376,10,9,1,62,0
12-12 00:25:46,1.812,0.812,97.375,0,0,882716672,63022149632,260632576,3016589312,0,0,0,0,13574,5570,0,0,0,921,759,0,3221221376,10,10,0,62,0
12-12 00:25:47,0,0.125,99.875,0,0,880402432,63024455680,260632576,3016593408,0,0,0,0,1092,891,0,0,0,196,384,0,3221221376,10,9,0,62,0
12-12 00:25:48,0,0.125,99.875,0,0,880402432,63024455680,260632576,3016593408,0,1441792,0,322,887,334,0,0,0,256,150,0,3221221376,10,9,0,62,0
12-12 00:25:49,0,0.125,99.875,0,0,880402432,63024455680,260632576,3016593408,0,90112,0,4,838,580,0,0,0,98,156,0,3221221376,10,9,0,62,0
12-12 00:25:50,0,0.063,99.937,0,0,880402432,63024455680,260632576,3016593408,0,0,0,0,819,350,0,0,0,89,152,0,3221221376,10,9,0,62,0
12-12 00:25:51,0,0.125,99.875,0,0,880394240,63024463872,260632576,3016593408,0,0,0,0,862,334,0,0,0,119,210,0,3221221376,10,9,0,62,0
12-12 00:25:52,0,0.125,99.875,0,0,880386048,63024472064,260632576,3016593408,0,0,0,0,305,334,0,0,0,82,141,0,3221221376,10,9,0,62,0
12-12 00:25:53,0,0.125,99.875,0,0,880386048,63024472064,260632576,3016593408,0,90112,0,22,1052,564,0,0,0,113,149,0,3221221376,10,9,0,62,0
12-12 00:25:54,0.063,0.125,99.812,0,0,880893952,63023964160,260632576,3016593408,0,0,0,0,1994,1751,0,0,0,205,172,0,3221221376,10,10,0,62,0
12-12 00:25:55,31.543,13.741,54.653,0.062,0,1087852544,62817005568,260632576,3016601600,0,32768,0,4,4042,3986,0,0,0,2594,1045278,0,3221221376,10,9,0,62,0
12-12 00:25:56,71.277,23.217,5.507,0,0,1560637440,62344208384,260632576,3016605696,0,0,0,0,717,596,0,0,0,7235,1848349,0,3221221376,10,9,0,62,0
12-12 00:25:57,0,0.063,99.937,0,0,1560637440,62344208384,260632576,3016605696,0,0,0,0,246,358,0,0,0,79,143,0,3221221376,10,9,0,62,0
12-12 00:25:58,0,0.062,99.938,0,0,1560637440,62344208384,260632576,3016605696,0,2088960,0,276,699,334,0,0,0,227,148,0,3221221376,10,9,0,62,0
12-12 00:25:59,0,0.125,99.875,0,0,1560637440,62344208384,260632576,3016605696,0,0,0,0,538,580,0,0,0,104,189,0,3221221376,10,9,0,62,0
12-12 00:26:00,0,0.063,99.937,0,0,1560637440,62344208384,260632576,3016605696,0,0,0,0,443,668,0,0,0,87,152,0,3221221376,10,9,0,62,0
12-12 00:26:01,2.194,0.502,97.304,0,0,1571487744,62333349888,260640768,3016605696,0,147456,0,4,4534152,2332065,65,65,55,1577,2531,0,3221221376,10,71,0,62,0
12-12 00:26:02,8.045,0.817,91.138,0,0,1574203392,62330621952,260640768,3016617984,0,0,0,0,27277047,13865535,339,303,289,6063,3886,0,3221221376,10,71,0,62,0
12-12 00:26:03,7.591,0.753,91.656,0,0,1574363136,62330462208,260640768,3016617984,0,139264,0,34,25067212,12740207,315,286,263,5740,3555,0,3221221376,10,71,0,62,0
12-12 00:26:04,6.884,0.563,92.553,0,0,1574711296,62330114048,260640768,3016617984,0,0,0,0,22180007,11262004,241,294,200,5057,3052,0,3221221376,10,71,0,62,0
12-12 00:26:05,7.044,0.818,92.138,0,0,1574932480,62329892864,260640768,3016617984,0,0,0,0,25185136,12783883,286,261,235,5525,3473,0,3221221376,10,71,0,62,0
12-12 00:26:06,6.494,0.694,92.812,0,0,1575092224,62329733120,260640768,3016617984,0,0,0,0,23609915,11990117,260,289,261,5310,3275,0,3221221376,10,71,0,62,0
12-12 00:26:07,7.183,0.945,91.871,0,0,1575346176,62329479168,260640768,3016617984,0,81920,0,6,25520518,12972393,348,279,227,5797,3644,0,3221221376,10,71,0,62,0
12-12 00:26:08,7.417,0.566,92.018,0,0,1575346176,62329479168,260640768,3016617984,0,73728,0,18,24757749,12578480,270,222,222,5618,3548,0,3221221376,10,71,0,0,0
12-12 00:26:09,7.322,0.688,91.990,0,0,1575600128,62329225216,260640768,3016617984,0,0,0,0,23175768,11785139,288,356,167,5350,3250,0,3221221376,10,71,0,0,0
12-12 00:26:10,8.135,0.751,91.114,0,0,1575981056,62328844288,260640768,3016617984,0,0,0,0,26445790,13434921,285,305,238,5949,3753,0,3221221376,10,71,0,0,0
12-12 00:26:11,6.958,0.886,92.157,0,0,1576394752,62328430592,260640768,3016617984,0,0,0,0,26891182,13649159,293,302,234,5896,3612,0,3221221376,10,71,0,0,0
12-12 00:26:12,8.057,0.999,90.943,0,0,1575723008,62329098240,260640768,3016622080,0,0,0,0,26005203,13205509,277,324,316,6068,3862,0,3221221376,10,47,0,24,0
12-12 00:26:13,0.375,0.125,99.438,0.062,0,1572683776,62332137472,260640768,3016622080,0,139264,0,24,621572,312303,7,17,7,516,355,0,3221221376,10,9,0,62,0
12-12 00:26:14,0,0.125,99.875,0,0,1572683776,62332137472,260640768,3016622080,0,0,0,0,605,374,0,0,0,94,150,0,3221221376,10,9,0,62,0
12-12 00:26:15,0,0.125,99.875,0,0,1572683776,62332137472,260640768,3016622080,0,0,0,0,246,334,0,0,0,117,204,0,3221221376,10,9,0,62,0
12-12 00:26:16,0.062,0.062,99.875,0,0,1572683776,62332137472,260640768,3016622080,0,0,0,0,597,564,0,0,0,105,180,0,3221221376,10,9,0,62,0
12-12 00:26:17,6.879,0.813,92.308,0,0,1423368192,62481416192,260640768,3016658944,0,0,0,0,940,334,0,0,0,494,285,0,3221221376,10,9,0,62,0
12-12 00:26:18,8.589,1.129,90.282,0,0,881979392,63022587904,260640768,3016867840,0,614400,0,68,880,470,0,0,0,857,471,0,3221221376,10,9,0,62,0
12-12 00:26:19,0,0.125,99.875,0,0,881963008,63022604288,260640768,3016867840,0,0,0,0,478,596,0,0,0,104,183,0,3221221376,10,9,0,62,0
12-12 00:26:20,1.441,0.564,97.995,0,0,882311168,63022256128,260640768,3016871936,0,0,0,0,4792,4490,0,0,0,830,697,0,3221221376,10,10,0,62,0
12-12 00:26:21,0,0.063,99.937,0,0,882585600,63021981696,260640768,3016876032,0,0,0,0,6600,78936,0,0,0,259,448,0,3221221376,10,10,0,62,0
12-12 00:26:22,0.062,0.125,99.812,0,0,882585600,63021981696,260640768,3016876032,0,0,0,0,6749,67750,0,0,0,235,385,0,3221221376,10,10,0,62,0
12-12 00:26:23,0.063,0.125,99.812,0,0,881389568,63023173632,260644864,3016871936,0,90112,0,4,4506,30485,0,0,0,317,524,0,3221221376,10,9,0,62,0
12-12 00:26:24,0,0.063,99.937,0,0,881373184,63023190016,260644864,3016867840,0,1351680,0,298,587,416,0,0,0,228,154,0,3221221376,10,9,0,62,0
12-12 00:26:25,0,0.125,99.875,0,0,881373184,63023190016,260644864,3016867840,0,0,0,0,246,350,0,0,0,89,155,0,3221221376,10,9,0,62,0
12-12 00:26:26,0,0.125,99.875,0,0,881373184,63023190016,260644864,3016867840,0,0,0,0,717,564,0,0,0,103,174,0,3221221376,10,9,0,62,0
12-12 00:26:27,0,0.063,99.937,0,0,881373184,63023190016,260644864,3016867840,0,0,0,0,366,334,0,0,0,100,181,0,3221221376,10,9,0,62,0
12-12 00:26:28,0,0.125,99.875,0,0,881373184,63023190016,260644864,3016867840,0,0,0,0,365,334,0,0,0,90,144,0,3221221376,10,9,0,62,0
12-12 00:26:29,0,0.125,99.813,0.062,0,881364992,63023198208,260644864,3016867840,0,90112,0,4,598,564,0,0,0,97,161,0,3221221376,10,9,0,62,0
12-12 00:26:30,1.315,0.689,97.996,0,0,881639424,63022919680,260644864,3016871936,0,0,0,0,5766,5743,0,0,0,991,867,0,3221221376,10,9,0,62,0
12-12 00:26:31,0,0.125,99.875,0,0,880861184,63023697920,260644864,3016871936,0,0,0,0,880,358,0,0,0,131,237,0,3221221376,10,9,0,62,0
12-12 00:26:32,0,0.063,99.937,0,0,880861184,63023697920,260644864,3016871936,0,0,0,0,605,334,0,0,0,88,148,0,3221221376,10,9,0,62,0
12-12 00:26:33,0,0.125,99.875,0,0,880861184,63023697920,260644864,3016871936,0,0,0,0,538,564,0,0,0,88,153,0,3221221376,10,9,0,62,0
12-12 00:26:34,0,0.125,99.875,0,0,880861184,63023697920,260644864,3016871936,0,1163264,0,272,485,334,0,0,0,209,146,0,3221221376,10,9,0,62,0
12-12 00:26:35,0,0.125,99.875,0,0,880861184,63023697920,260644864,3016871936,0,122880,0,6,126,350,0,0,0,120,206,0,3221221376,10,9,0,62,0
12-12 00:26:36,0,0.063,99.937,0,0,880861184,63023697920,260644864,3016871936,0,0,0,0,537,580,0,0,0,110,182,0,3221221376,10,9,0,62,0
12-12 00:26:37,0.125,0.188,99.688,0,0,881418240,63023140864,260644864,3016871936,0,0,0,0,3033,2671,0,0,0,204,201,0,3221221376,10,10,0,62,0
12-12 00:26:38,1.003,0.689,98.308,0,0,881106944,63023452160,260644864,3016876032,0,0,0,0,3137,3084,0,0,0,808,843,0,3221221376,10,9,0,62,0
12-12 00:26:39,0,0.063,99.937,0,0,881090560,63023468544,260644864,3016871936,0,1171456,0,270,358,588,0,0,0,231,193,0,3221221376,10,9,0,62,0
12-12 00:26:40,0,0.125,99.875,0,0,881082368,63023476736,260644864,3016871936,0,0,0,0,710,350,0,0,0,95,165,0,3221221376,10,9,0,62,0
12-12 00:26:41,1.689,0.625,97.624,0.063,0,882098176,63022481408,260644864,3016847360,0,114688,0,4,5557,5421,0,0,0,1047,916,0,3221221376,10,9,0,62,0
12-12 00:26:42,0.999,0.375,98.626,0,0,886128640,63018446848,260644864,3016863744,0,0,0,0,4530,3586,0,0,0,558,498,0,3221221376,10,10,0,62,0
12-12 00:26:43,0.877,0.501,98.622,0,0,881377280,63023448064,260644864,3016605696,0,0,0,0,1766,2723,0,0,0,619,614,0,3221221376,10,9,0,62,0
12-12 00:26:44,0,0.125,99.875,0,0,881377280,63023448064,260644864,3016605696,0,1458176,0,334,485,358,0,0,0,244,140,0,3221221376,10,9,0,62,0
12-12 00:26:45,0,0.125,99.875,0,0,881377280,63023448064,260644864,3016605696,0,0,0,0,366,350,0,0,0,93,155,0,3221221376,10,9,0,62,0
12-12 00:26:46,0,0.063,99.937,0,0,881352704,63023472640,260644864,3016605696,0,0,0,0,811,564,0,0,0,107,198,0,3221221376,10,9,0,62,0
12-12 00:26:47,0,0.125,99.875,0,0,881344512,63023480832,260644864,3016605696,0,172032,0,4,701,334,0,0,0,116,203,0,3221221376,10,9,0,62,0
12-12 00:26:48,0,0.125,99.875,0,0,881344512,63023480832,260644864,3016605696,0,0,0,0,915,350,0,0,0,95,158,0,3221221376,10,9,0,62,0
12-12 00:26:49,0,0.063,99.937,0,0,881344512,63023480832,260644864,3016605696,0,0,0,0,538,564,0,0,0,88,149,0,3221221376,10,9,0,62,0
12-12 00:26:50,0,0.125,99.875,0,0,881344512,63023480832,260644864,3016605696,0,0,0,0,887,334,0,0,0,95,154,0,3221221376,10,9,0,62,0
12-12 00:26:51,1.438,0.750,97.811,0,0,882487296,63022338048,260644864,3016601600,0,0,0,0,13667,5951,0,0,0,1067,957,0,3221221376,10,9,0,62,0
12-12 00:26:52,0,0.125,99.875,0,0,881111040,63023714304,260644864,3016605696,0,0,0,0,305,358,0,0,0,85,170,0,3221221376,10,9,0,62,0
12-12 00:26:53,0,0.125,99.875,0,0,881111040,63023714304,260644864,3016605696,0,90112,0,6,418,564,0,0,0,96,160,0,3221221376,10,9,0,62,0
12-12 00:26:54,0,0.063,99.937,0,0,881111040,63023714304,260644864,3016605696,0,1286144,0,292,365,350,0,0,0,216,148,0,3221221376,10,9,0,62,0
12-12 00:26:55,0,0.125,99.875,0,0,881111040,63023714304,260644864,3016605696,0,0,0,0,794,350,0,0,0,123,208,0,3221221376,10,9,0,62,0
12-12 00:26:56,0,0.125,99.875,0,0,881111040,63023714304,260644864,3016605696,0,0,0,0,777,564,0,0,0,105,177,0,3221221376,10,9,0,62,0
12-12 00:26:57,0,0.063,99.937,0,0,881094656,63023730688,260644864,3016605696,0,0,0,0,940,498,0,0,0,106,163,0,3221221376,10,9,0,62,0
12-12 00:26:58,0,0.125,99.875,0,0,881094656,63023730688,260644864,3016605696,0,0,0,0,605,334,0,0,0,87,144,0,3221221376,10,9,0,62,0
12-12 00:26:59,0,0.125,99.812,0.062,0,881094656,63023730688,260644864,3016605696,0,32768,0,4,538,564,0,0,0,115,199,0,3221221376,10,9,0,62,0
12-12 00:27:00,0,0.125,99.875,0,0,881090560,63023730688,260644864,3016609792,0,0,0,0,721,424,0,0,0,91,146,0,3221221376,10,9,1,62,0
12-12 00:27:01,1.810,0.749,97.441,0,0,885665792,63019155456,260644864,3016605696,0,0,0,0,5900,6553,0,0,0,1018,771,0,3221221376,10,11,0,62,0
12-12 00:27:02,69.500,30.438,0.062,0,0,1350041600,62554771456,260644864,3016617984,0,0,0,0,1981,1947,0,0,0,4580,2556097,0,3221221376,10,9,0,62,0
12-12 00:27:03,27.239,1.816,70.946,0,0,1560842240,62343970816,260644864,3016617984,0,0,0,0,820,580,0,0,0,4138,3995,0,3221221376,10,9,0,62,0
12-12 00:27:04,0,0.063,99.937,0,0,1560842240,62343970816,260644864,3016617984,0,0,0,0,1007,358,0,0,0,94,155,0,3221221376,10,9,0,62,0
12-12 00:27:05,0,0.063,99.875,0.063,0,1560973312,62343839744,260644864,3016617984,0,2277376,0,288,700,334,0,0,0,239,219,0,3221221376,10,9,0,62,0
12-12 00:27:06,0,0.063,99.937,0,0,1560973312,62343839744,260644864,3016617984,0,0,0,0,777,580,0,0,0,103,177,0,3221221376,10,9,0,62,0
12-12 00:27:07,0,0.062,99.938,0,0,1560973312,62343839744,260644864,3016617984,0,0,0,0,366,334,0,0,0,99,185,0,3221221376,10,9,0,62,0
12-12 00:27:08,8.125,1.062,90.812,0,0,1574805504,62329999360,260644864,3016626176,0,0,0,0,24704735,12577809,431,234,397,5794,5526,0,3221221376,10,71,0,62,0
12-12 00:27:09,5.722,0.699,93.579,0,0,1575092224,62329712640,260644864,3016626176,0,0,0,0,24053156,12215212,369,192,452,5362,3340,0,3221221376,10,71,0,62,0
12-12 00:27:10,6.662,0.629,92.709,0,0,1575473152,62329331712,260644864,3016626176,0,81920,0,8,23027300,11693089,344,149,368,5239,3132,0,3221221376,10,71,0,62,0
12-12 00:27:11,6.986,0.692,92.322,0,0,1575694336,62329110528,260644864,3016626176,0,0,0,0,24499900,12446092,338,201,426,5604,3415,0,3221221376,10,71,0,62,0
12-12 00:27:12,6.427,0.882,92.691,0,0,1575723008,62329081856,260644864,3016626176,0,0,0,0,24273133,12325401,384,133,416,5454,3308,0,3221221376,10,71,0,62,0
12-12 00:27:13,5.826,0.570,93.604,0,0,1576267776,62328537088,260644864,3016626176,0,0,0,0,22719204,11530157,359,198,348,5095,3012,0,3221221376,10,71,0,62,0
12-12 00:27:14,7.503,0.631,91.866,0,0,1576329216,62328475648,260644864,3016626176,0,0,0,0,25654119,13044511,373,142,442,5865,3639,0,3221221376,10,71,0,0,0
12-12 00:27:15,7.524,0.627,91.850,0,0,1576329216,62328475648,260644864,3016626176,0,0,0,0,24517922,12458837,334,145,467,5668,3404,0,3221221376,10,71,0,0,0
12-12 00:27:16,6.977,0.629,92.395,0,0,1576329216,62328475648,260644864,3016626176,0,24576,0,4,23183629,11784159,395,186,392,5436,3304,0,3221221376,10,71,0,0,0
12-12 00:27:17,5.923,0.441,93.636,0,0,1576329216,62328475648,260644864,3016626176,0,0,0,0,20490016,10417238,302,164,374,4890,2880,0,3221221376,10,71,0,0,0
12-12 00:27:18,6.968,0.691,92.341,0,0,1576488960,62328315904,260644864,3016626176,0,0,0,0,24262687,12317337,374,169,484,5489,3282,0,3221221376,10,71,0,0,0
12-12 00:27:19,2.447,0.314,97.240,0,0,1573847040,62330953728,260644864,3016630272,0,0,0,0,7980650,4040575,125,58,137,2365,1468,0,3221221376,10,10,0,61,0
12-12 00:27:20,0,0.063,99.937,0,0,1573306368,62331494400,260644864,3016630272,0,0,0,0,485,366,0,0,0,88,150,0,3221221376,10,10,0,61,0
12-12 00:27:21,0,0.125,99.875,0,0,1573306368,62331494400,260644864,3016630272,0,0,0,0,520,334,0,0,0,99,186,0,3221221376,10,10,0,61,0
12-12 00:27:22,0,0.125,99.813,0.062,0,1573306368,62331494400,260644864,3016630272,0,57344,0,6,700,334,0,0,0,99,165,0,3221221376,10,10,0,61,0
12-12 00:27:23,0,0.063,99.937,0,0,1573306368,62331494400,260644864,3016630272,0,0,0,0,358,580,0,0,0,102,185,0,3221221376,10,10,0,61,0
12-12 00:27:24,14.715,1.879,83.406,0,0,904818688,62999732224,260644864,3016880128,0,0,0,0,485,334,0,0,0,1181,465,0,3221221376,10,10,0,61,0
12-12 00:27:25,0.062,0.062,99.875,0,0,904794112,62999756800,260644864,3016880128,0,0,0,0,588,358,0,0,0,98,166,0,3221221376,10,10,0,61,0
12-12 00:27:26,0.125,0.188,99.687,0,0,905699328,62998851584,260644864,3016880128,0,0,0,0,3770,3365,0,0,0,243,258,0,3221221376,10,11,0,61,0
12-12 00:27:27,1.252,0.626,98.123,0,0,905584640,62998966272,260644864,3016888320,0,0,0,0,6812,49667,0,0,0,917,829,0,3221221376,10,11,0,61,0
12-12 00:27:28,0.063,0.125,99.812,0,0,905576448,62998966272,260648960,3016892416,0,663552,0,68,6845,73876,0,0,0,280,404,0,3221221376,10,11,0,61,0
12-12 00:27:29,0.063,0.125,99.812,0,0,904671232,62999871488,260648960,3016884224,0,0,0,0,5218,53593,0,0,0,317,525,0,3221221376,10,10,0,61,0
12-12 00:27:30,0,0.063,99.937,0,0,904359936,63000182784,260648960,3016884224,0,1327104,0,294,545,334,0,0,0,236,155,0,3221221376,10,10,0,61,0
12-12 00:27:31,0,0.125,99.875,0,0,904343552,63000199168,260648960,3016884224,0,0,0,0,486,350,0,0,0,118,216,0,3221221376,10,10,0,61,0
12-12 00:27:32,0,0.125,99.875,0,0,904318976,63000223744,260648960,3016884224,0,0,0,0,1025,334,0,0,0,95,154,0,3221221376,10,10,0,61,0
12-12 00:27:33,0.250,0.125,99.563,0.062,0,903036928,63001493504,260653056,3016892416,0,98304,0,4,418,630,1,0,0,122,178,0,3221221376,10,9,0,61,1
12-12 00:27:34,0.062,0.125,99.812,0,0,881885184,63022645248,260653056,3016884224,0,0,0,0,437,536,0,0,0,158,264,0,3221221376,10,9,0,61,1
12-12 00:27:35,0,0.125,99.875,0,0,881885184,63022645248,260653056,3016884224,0,0,0,0,580,342,0,0,0,111,196,0,3221221376,10,9,0,61,1
12-12 00:27:36,0.250,0.375,99.374,0,0,883355648,63021174784,260653056,3016884224,0,0,0,0,4642,3726,0,0,0,404,468,0,3221221376,10,10,0,61,1
12-12 00:27:37,1.375,0.500,98.125,0,0,881328128,63023202304,260653056,3016888320,0,0,0,0,1476,2463,0,0,0,745,605,0,3221221376,10,9,0,61,1
12-12 00:27:38,0,0.063,99.937,0,0,881328128,63023202304,260653056,3016888320,0,0,0,0,245,358,0,0,0,81,151,0,3221221376,10,9,0,61,1
12-12 00:27:39,0,0.125,99.875,0,0,881328128,63023202304,260653056,3016888320,0,139264,0,6,358,572,0,0,0,113,201,0,3221221376,10,9,0,61,1
12-12 00:27:40,0,0.063,99.937,0,0,881328128,63023202304,260653056,3016884224,0,1318912,0,302,710,358,0,0,0,211,155,0,3221221376,10,9,0,61,1
12-12 00:27:41,0,0.125,99.875,0,0,881319936,63023210496,260653056,3016884224,0,0,0,0,640,358,0,0,0,108,179,0,3221221376,10,9,0,61,1
12-12 00:27:42,0,0.125,99.875,0,0,881295360,63023235072,260653056,3016884224,0,0,0,0,707,342,0,0,0,90,158,0,3221221376,10,9,0,61,1
12-12 00:27:43,0,0.125,99.875,0,0,881164288,63023366144,260653056,3016884224,0,0,0,0,478,572,0,0,0,104,181,0,3221221376,10,9,0,61,1
12-12 00:27:44,0,0.063,99.937,0,0,881164288,63023366144,260653056,3016884224,0,0,0,0,425,342,0,0,0,84,145,0,3221221376,10,9,0,61,1
12-12 00:27:45,0.125,0.188,99.688,0,0,882077696,63022452736,260653056,3016884224,0,32768,0,4,759,589,0,0,0,193,189,0,3221221376,10,10,0,61,1
12-12 00:27:46,1.252,0.751,97.997,0,0,881467392,63023058944,260653056,3016888320,0,0,0,0,5933,5272,0,0,0,855,892,0,3221221376,10,9,0,61,1
12-12 00:27:47,0,0.125,99.875,0,0,881328128,63023198208,260653056,3016888320,0,0,0,0,426,358,0,0,0,105,187,0,3221221376,10,9,0,61,1
12-12 00:27:48,0,0.125,99.875,0,0,881328128,63023198208,260653056,3016888320,0,0,0,0,305,342,0,0,0,83,149,0,3221221376,10,9,0,61,1
12-12 00:27:49,1.252,0.814,97.935,0,0,882016256,63022530560,260653056,3016863744,0,0,0,0,5861,5503,0,0,0,1009,905,0,3221221376,10,9,0,61,1
12-12 00:27:50,1.751,0.438,97.811,0,0,887222272,63017324544,260653056,3016880128,0,0,0,0,4618,3644,0,0,0,759,623,0,3221221376,10,10,0,61,1
12-12 00:27:51,0.250,0.250,99.438,0.062,0,880672768,63024128000,260653056,3016613888,0,1785856,0,378,2138,2291,0,0,0,549,519,0,3221221376,10,9,0,61,1
12-12 00:27:52,0,0.125,99.875,0,0,880664576,63024136192,260653056,3016613888,0,0,0,0,1324,538,0,0,0,108,167,0,3221221376,10,9,0,61,1
12-12 00:27:53,0,0.063,99.937,0,0,880664576,63024136192,260653056,3016613888,0,0,0,0,892,914,0,0,0,95,151,0,3221221376,10,9,0,61,1
12-12 00:27:54,0,0.062,99.938,0,0,880664576,63024136192,260653056,3016613888,0,0,0,0,317,684,0,0,0,82,149,0,3221221376,10,9,0,61,1
12-12 00:27:55,0,0.125,99.875,0,0,880664576,63024136192,260653056,3016613888,0,0,0,0,726,342,0,0,0,115,189,0,3221221376,10,9,0,61,1
12-12 00:27:56,0,0.125,99.812,0.062,0,880664576,63024136192,260653056,3016613888,0,966656,0,194,417,572,0,0,0,194,205,0,3221221376,10,9,0,61,1
12-12 00:27:57,0,0.062,99.938,0,0,880664576,63024136192,260653056,3016613888,0,0,0,0,186,358,0,0,0,80,147,0,3221221376,10,9,0,61,1
12-12 00:27:58,0.125,0.125,99.750,0,0,881176576,63023620096,260653056,3016617984,0,0,0,0,3176,2393,0,0,0,199,189,0,3221221376,10,10,0,61,1
12-12 00:27:59,1.316,0.439,98.246,0,0,880177152,63024619520,260653056,3016617984,0,0,0,0,11618,4294,0,0,0,887,904,0,3221221376,10,9,0,61,1
12-12 00:28:00,0,0.125,99.875,0,0,880160768,63024635904,260653056,3016617984,0,0,0,0,639,418,0,0,0,113,155,0,3221221376,10,9,0,61,1
12-12 00:28:01,0,0.125,99.875,0,0,880144384,63024652288,260653056,3016617984,0,1351680,0,284,426,342,0,0,0,262,192,0,3221221376,10,9,0,61,1
12-12 00:28:02,0,0.125,99.875,0,0,880128000,63024668672,260653056,3016617984,0,0,0,0,365,358,0,0,0,101,154,0,3221221376,10,9,0,61,1
12-12 00:28:03,0,0.063,99.937,0,0,880128000,63024668672,260653056,3016617984,0,0,0,0,358,572,0,0,0,113,197,0,3221221376,10,9,0,61,1
12-12 00:28:04,0,0.063,99.937,0,0,880128000,63024668672,260653056,3016617984,0,0,0,0,605,342,0,0,0,86,141,0,3221221376,10,9,0,61,1
12-12 00:28:05,0,0.125,99.875,0,0,880128000,63024668672,260653056,3016617984,0,0,0,0,588,342,0,0,0,98,161,0,3221221376,10,9,0,61,1
12-12 00:28:06,0.062,0.062,99.875,0,0,880128000,63024668672,260653056,3016617984,0,0,0,0,1333,572,0,0,0,116,191,0,3221221376,10,9,0,61,1
12-12 00:28:07,0,0.125,99.812,0.062,0,880123904,63024668672,260657152,3016617984,0,32768,0,4,1124,570,0,0,0,150,223,0,3221221376,10,9,0,61,1
12-12 00:28:08,0,0.125,99.875,0,0,879878144,63024914432,260657152,3016617984,0,0,0,0,425,358,0,0,0,85,149,0,3221221376,10,9,0,61,1
12-12 00:28:09,0,0.063,99.937,0,0,879878144,63024914432,260657152,3016617984,0,0,0,0,632,572,0,0,0,92,164,0,3221221376,10,9,0,61,1
12-12 00:28:10,0,0.125,99.875,0,0,879878144,63024914432,260657152,3016617984,0,0,0,0,770,342,0,0,0,92,151,0,3221221376,10,9,0,61,1
12-12 00:28:11,13.812,4.562,81.625,0,0,1025265664,62879526912,260657152,3016617984,0,827392,0,192,5623,5461,0,0,0,1638,288220,0,3221221376,10,9,0,61,1
12-12 00:28:12,68.793,31.207,0,0,0,1470107648,62434484224,260657152,3016826880,0,98304,0,4,245,374,0,0,0,6601,3033243,0,3221221376,10,9,0,61,1
12-12 00:28:13,12.320,0.563,87.117,0,0,1560014848,62344736768,260657152,3016634368,0,0,0,0,538,662,0,0,0,1781,1786,0,3221221376,10,9,0,61,1
12-12 00:28:14,0,0.063,99.937,0,0,1560014848,62344736768,260657152,3016634368,0,0,0,0,425,358,0,0,0,82,139,0,3221221376,10,9,0,61,1
12-12 00:28:15,0,0.125,99.875,0,0,1560014848,62344736768,260657152,3016634368,0,0,0,0,306,342,0,0,0,106,184,0,3221221376,10,9,0,61,1
12-12 00:28:16,0,0.063,99.937,0,0,1560014848,62344728576,260657152,3016634368,0,1654784,0,174,1239,572,0,0,0,187,177,0,3221221376,10,9,0,61,1
12-12 00:28:17,0.313,0.188,99.500,0,0,1560555520,62344187904,260657152,3016634368,0,114688,0,6,685026,349653,35,0,0,294,510,0,3221221376,10,17,0,61,1
12-12 00:28:18,9.506,0.876,89.619,0,0,1573974016,62330761216,260657152,3016642560,0,0,0,0,29782643,15155692,517,352,365,6870,5801,0,3221221376,10,71,0,61,1
12-12 00:28:19,6.981,0.755,92.264,0,0,1574166528,62330568704,260657152,3016642560,0,0,0,0,23836308,12119964,360,308,303,5574,3374,0,3221221376,10,71,0,0,1
12-12 00:28:20,6.305,0.694,93.001,0,0,1574514688,62330220544,260657152,3016642560,0,0,0,0,23087603,11720539,354,237,245,5240,3054,0,3221221376,10,71,0,0,1
12-12 00:28:21,7.008,0.758,92.235,0,0,1574735872,62329999360,260657152,3016642560,0,0,0,0,25533816,12969066,382,223,307,5676,3477,0,3221221376,10,71,0,0,1
12-12 00:28:22,6.226,0.692,93.082,0,0,1574768640,62329966592,260657152,3016642560,0,0,0,0,22326141,11329430,376,212,300,5059,3063,0,3221221376,10,71,0,0,1
12-12 00:28:23,8.365,0.692,90.881,0.063,0,1574862848,62329872384,260657152,3016642560,0,65536,0,8,27898448,14175170,425,337,326,6262,3881,0,3221221376,10,71,0,0,1
12-12 00:28:24,6.399,0.439,93.162,0,0,1574961152,62329774080,260657152,3016642560,0,0,0,0,20962616,10639206,323,234,258,4859,2909,0,3221221376,10,71,0,0,1
12-12 00:28:25,6.503,0.631,92.866,0,0,1575022592,62329712640,260657152,3016642560,0,0,0,0,23614803,11994732,418,247,317,5264,3162,0,3221221376,10,71,0,0,1
12-12 00:28:26,6.977,0.754,92.269,0,0,1575149568,62329585664,260657152,3016642560,0,0,0,0,24724561,12548838,455,249,285,5495,3296,0,3221221376,10,71,0,0,1
12-12 00:28:27,6.734,0.881,92.385,0,0,1575239680,62329491456,260657152,3016646656,0,0,0,0,23869409,12126372,422,219,326,5457,3279,0,3221221376,10,71,0,0,1
12-12 00:28:28,6.616,0.945,92.439,0,0,1575272448,62329458688,260657152,3016646656,0,0,0,0,23659347,12019779,367,252,307,5408,3308,0,3221221376,10,68,0,3,1
12-12 00:28:29,2.122,0.250,97.628,0,0,1571553280,62333173760,260657152,3016650752,0,65536,0,6,5502942,2782908,77,72,67,1658,1067,0,3221221376,10,9,0,62,1
12-12 00:28:30,0,0.063,99.937,0,0,1571553280,62333173760,260657152,3016650752,0,0,0,0,545,382,0,0,0,101,164,0,3221221376,10,9,0,62,1
12-12 00:28:31,0,0.125,99.875,0,0,1571553280,62333173760,260657152,3016650752,0,0,0,0,306,342,0,0,0,113,211,0,3221221376,10,9,0,62,1
12-12 00:28:32,0,0.125,99.875,0,0,1571553280,62333173760,260657152,3016650752,0,0,0,0,913,342,0,0,0,96,161,0,3221221376,10,9,0,62,1
12-12 00:28:33,0.563,0.125,99.312,0,0,1551339520,62353379328,260657152,3016658944,0,0,0,0,358,572,0,0,0,131,175,0,3221221376,10,9,0,62,1
12-12 00:28:34,12.970,1.629,85.401,0,0,881557504,63022899200,260661248,3016900608,0,147456,0,14,425,470,0,0,0,1187,547,0,3221221376,10,9,0,62,0
12-12 00:28:35,0,0.125,99.875,0,0,881549312,63022907392,260661248,3016900608,0,0,0,0,426,366,0,0,0,107,191,0,3221221376,10,9,0,62,0
12-12 00:28:36,0.564,0.313,99.123,0,0,887099392,63017357312,260661248,3016904704,0,0,0,0,4864,3784,0,0,0,499,495,0,3221221376,10,10,0,62,0
12-12 00:28:37,1.001,0.500,98.499,0,0,882679808,63021776896,260661248,3016908800,0,0,0,0,5818,52910,0,0,0,639,576,0,3221221376,10,10,0,62,0
12-12 00:28:38,0,0.063,99.937,0,0,882671616,63021785088,260661248,3016908800,0,0,0,0,6815,74122,0,0,0,232,392,0,3221221376,10,10,0,62,0
12-12 00:28:39,0.062,0.188,99.688,0.062,0,881631232,63022825472,260661248,3016908800,0,589824,0,60,5326,53093,0,0,0,349,569,0,3221221376,10,9,0,62,0
12-12 00:28:40,0,0.125,99.875,0,0,881197056,63023259648,260661248,3016900608,0,0,0,0,1164,350,0,0,0,107,182,0,3221221376,10,9,0,62,0
12-12 00:28:41,0,0.063,99.937,0,0,881180672,63023276032,260661248,3016900608,0,0,0,0,186,334,0,0,0,93,183,0,3221221376,10,9,0,62,0
12-12 00:28:42,0,0.125,99.875,0,0,881139712,63023316992,260661248,3016900608,0,1368064,0,298,245,334,0,0,0,223,149,0,3221221376,10,9,0,62,0
12-12 00:28:43,0,0.125,99.875,0,0,881139712,63023316992,260661248,3016900608,0,0,0,0,418,580,0,0,0,110,185,0,3221221376,10,9,0,62,0
12-12 00:28:44,0,0.063,99.937,0,0,881139712,63023316992,260661248,3016900608,0,98304,0,4,425,334,0,0,0,113,161,0,3221221376,10,9,0,62,0
12-12 00:28:45,0,0.125,99.875,0,0,881139712,63023316992,260661248,3016900608,0,0,0,0,1042,350,0,0,0,116,168,0,3221221376,10,9,0,62,0
12-12 00:28:46,0.188,0.125,99.687,0,0,882061312,63022395392,260661248,3016900608,0,0,0,0,3614,3365,0,0,0,232,246,0,3221221376,10,10,0,62,0
12-12 00:28:47,1.501,0.750,97.749,0,0,880898048,63023554560,260661248,3016904704,0,1122304,0,258,3050,2932,0,0,0,1018,893,0,3221221376,10,9,0,62,0
12-12 00:28:48,0,0.125,99.875,0,0,880898048,63023554560,260661248,3016904704,0,0,0,0,365,366,0,0,0,81,143,0,3221221376,10,9,0,62,0
12-12 00:28:49,0.062,0.062,99.875,0,0,880898048,63023554560,260661248,3016904704,0,0,0,0,598,564,0,0,0,89,156,0,3221221376,10,9,0,62,0
12-12 00:28:50,0,0.062,99.875,0.062,0,880889856,63023554560,260669440,3016904704,0,122880,0,6,365,334,0,0,0,94,160,0,3221221376,10,9,0,62,0
12-12 00:28:51,0,0.125,99.875,0,0,880873472,63023570944,260669440,3016904704,0,0,0,0,306,350,0,0,0,113,209,0,3221221376,10,9,0,62,0
12-12 00:28:52,0,0.063,99.937,0,0,880865280,63023579136,260669440,3016904704,0,0,0,0,365,334,0,0,0,84,145,0,3221221376,10,9,0,62,0
12-12 00:28:53,0,0.125,99.875,0,0,880865280,63023579136,260669440,3016904704,0,0,0,0,872,564,0,0,0,95,156,0,3221221376,10,9,0,62,0
12-12 00:28:54,0.062,0.062,99.875,0,0,880865280,63023579136,260669440,3016904704,0,0,0,0,647,334,0,0,0,96,167,0,3221221376,10,9,0,62,0
12-12 00:28:55,0,0.063,99.937,0,0,880865280,63023579136,260669440,3016904704,0,0,0,0,1131,334,0,0,0,124,209,0,3221221376,10,9,0,62,0
12-12 00:28:56,0,0.125,99.875,0,0,880861184,63023579136,260673536,3016904704,0,24576,0,4,537,564,0,0,0,111,198,0,3221221376,10,9,0,62,0
12-12 00:28:57,0.375,0.375,99.250,0,0,883310592,63021125632,260673536,3016908800,0,0,0,0,4111,3608,0,0,0,363,446,0,3221221376,10,10,0,62,0
12-12 00:28:58,1.125,0.500,98.375,0,0,880926720,63023509504,260673536,3016912896,0,0,0,0,2007,2275,0,0,0,734,606,0,3221221376,10,9,0,62,0
12-12 00:28:59,0,0.063,99.937,0,0,880926720,63023509504,260673536,3016912896,0,0,0,0,358,588,0,0,0,102,189,0,3221221376,10,9,0,62,0
12-12 00:29:00,0.125,0.188,99.688,0,0,881475584,63022960640,260673536,3016908800,0,0,0,0,2508,2319,0,0,0,184,172,0,3221221376,10,10,0,62,0
12-12 00:29:01,1.563,0.625,97.811,0,0,880340992,63024115712,260673536,3016892416,0,0,0,0,3826,3502,0,0,0,917,883,0,3221221376,10,9,0,62,0
12-12 00:29:02,0,0.125,99.812,0.062,0,880394240,63024058368,260677632,3016888320,0,1794048,0,388,957,432,0,0,0,291,194,0,3221221376,10,9,1,62,0
12-12 00:29:03,1.754,0.627,97.619,0,0,880791552,63023915008,260677632,3016634368,0,0,0,0,5643,6111,0,0,0,1069,926,0,3221221376,10,9,0,62,0
12-12 00:29:04,0,0.125,99.875,0,0,880545792,63024160768,260677632,3016634368,0,0,0,0,579,358,0,0,0,91,165,0,3221221376,10,9,0,62,0
12-12 00:29:05,0.062,0.062,99.875,0,0,880545792,63024160768,260677632,3016634368,0,0,0,0,306,334,0,0,0,92,156,0,3221221376,10,9,0,62,0
12-12 00:29:06,0,0.063,99.937,0,0,880521216,63024185344,260677632,3016634368,0,0,0,0,477,564,0,0,0,99,179,0,3221221376,10,9,0,62,0
12-12 00:29:07,0,0.125,99.875,0,0,880521216,63024185344,260677632,3016634368,0,0,0,0,366,334,0,0,0,102,182,0,3221221376,10,9,0,62,0
12-12 00:29:08,0,0.125,99.875,0,0,880517120,63024185344,260681728,3016634368,0,155648,0,4,485,334,0,0,0,104,161,0,3221221376,10,9,0,62,0
12-12 00:29:09,0,0.063,99.937,0,0,880517120,63024185344,260681728,3016634368,0,0,0,0,358,580,0,0,0,84,153,0,3221221376,10,9,0,62,0
12-12 00:29:10,0,0.063,99.937,0,0,880517120,63024185344,260681728,3016634368,0,0,0,0,995,425,0,0,0,102,165,0,3221221376,10,9,0,62,0
12-12 00:29:11,1.628,0.501,97.871,0,0,881270784,63023431680,260681728,3016642560,0,0,0,0,4631,4286,0,0,0,879,744,0,3221221376,10,10,0,62,0
12-12 00:29:12,0.063,0.125,99.812,0,0,880238592,63024463872,260681728,3016634368,0,0,0,0,8435,1879,0,0,0,269,424,0,3221221376,10,9,0,62,0
12-12 00:29:13,0,0.125,99.875,0,0,880238592,63024463872,260681728,3016634368,0,1474560,0,336,658,564,0,0,0,260,173,0,3221221376,10,9,0,62,0
12-12 00:29:14,0,0.063,99.937,0,0,880234496,63024463872,260685824,3016634368,0,90112,0,4,647,350,0,0,0,96,163,0,3221221376,10,9,0,62,0
12-12 00:29:15,0,0.125,99.875,0,0,880234496,63024463872,260685824,3016634368,0,0,0,0,426,350,0,0,0,108,189,0,3221221376,10,9,0,62,0
12-12 00:29:16,0.062,0.062,99.875,0,0,880234496,63024463872,260685824,3016634368,0,0,0,0,717,564,0,0,0,106,180,0,3221221376,10,9,0,62,0
12-12 00:29:17,0,0.125,99.875,0,0,880209920,63024488448,260685824,3016634368,0,0,0,0,366,334,0,0,0,84,147,0,3221221376,10,9,0,62,0
12-12 00:29:18,0,0.063,99.937,0,0,880209920,63024488448,260685824,3016634368,0,0,0,0,425,334,0,0,0,85,151,0,3221221376,10,9,0,62,0
12-12 00:29:19,0,0.125,99.875,0,0,880209920,63024488448,260685824,3016634368,0,0,0,0,238,564,0,0,0,100,183,0,3221221376,10,9,0,62,0
12-12 00:29:20,0,0.125,99.813,0.062,0,880209920,63024488448,260685824,3016634368,0,24576,0,4,365,334,0,0,0,92,149,0,3221221376,10,9,0,62,0
12-12 00:29:21,0,0.063,99.937,0,0,880209920,63024488448,260685824,3016634368,0,0,0,0,588,350,0,0,0,104,184,0,3221221376,10,9,0,62,0
12-12 00:29:22,0,0.125,99.875,0,0,880209920,63024488448,260685824,3016634368,0,0,0,0,647,334,0,0,0,87,151,0,3221221376,10,9,0,62,0
12-12 00:29:23,0,0.125,99.875,0,0,880209920,63024488448,260685824,3016634368,0,0,0,0,872,564,0,0,0,112,191,0,3221221376,10,9,0,62,0
12-12 00:29:24,0.062,0.062,99.875,0,0,880209920,63024488448,260685824,3016634368,0,0,0,0,759,334,0,0,0,91,151,0,3221221376,10,9,0,62,0
12-12 00:29:25,0.063,0.125,99.812,0,0,880852992,63023845376,260685824,3016634368,0,0,0,0,2361,2319,0,0,0,188,191,0,3221221376,10,10,0,62,0
12-12 00:29:26,25.859,14.491,59.650,0,0,1078968320,62825730048,260685824,3016642560,0,24576,0,4,3757,3784,0,0,0,2437,1056333,0,3221221376,10,9,0,62,0
12-12 00:29:27,73.012,23.356,3.632,0,0,1561243648,62343421952,260685824,3016650752,0,0,0,0,666,366,0,0,0,7294,1876743,0,3221221376,10,9,0,62,0
12-12 00:29:28,0,0,100,0,0,1561116672,62343548928,260685824,3016650752,0,2023424,0,254,425,358,0,0,0,208,149,0,3221221376,10,9,0,62,0
12-12 00:29:29,0,0.062,99.938,0,0,1561116672,62343548928,260685824,3016650752,0,0,0,0,700,350,0,0,0,103,169,0,3221221376,10,9,0,0,0
12-12 00:29:30,0,0.063,99.937,0,0,1561116672,62343548928,260685824,3016650752,0,0,0,0,932,564,0,0,0,93,153,0,3221221376,10,9,0,0,0
12-12 00:29:31,0,0.125,99.875,0,0,1561116672,62343548928,260685824,3016650752,0,0,0,0,366,334,0,0,0,115,205,0,3221221376,10,9,0,0,0
12-12 00:29:32,2.133,0.376,97.428,0.063,0,1570799616,62333865984,260685824,3016650752,0,163840,0,6,3952969,2035144,46,66,52,1421,2368,0,3221221376,10,71,0,0,0
12-12 00:29:33,6.675,0.630,92.695,0,0,1574948864,62329708544,260685824,3016658944,0,0,0,0,22279520,11333814,235,369,239,5243,3256,0,3221221376,10,71,0,0,0
12-12 00:29:34,5.472,0.629,93.899,0,0,1575202816,62329454592,260685824,3016658944,0,0,0,0,18796539,9559476,228,286,232,4555,2718,0,3221221376,10,71,0,0,0
12-12 00:29:35,7.224,0.754,92.023,0,0,1575235584,62329421824,260685824,3016658944,0,0,0,0,24012348,12201768,310,355,211,5572,3354,0,3221221376,10,71,0,0,0
12-12 00:29:36,5.756,0.569,93.675,0,0,1575329792,62329327616,260685824,3016658944,0,0,0,0,21916895,11124976,239,272,186,5011,3039,0,3221221376,10,71,0,0,0
12-12 00:29:37,6.692,0.688,92.620,0,0,1575837696,62328819712,260685824,3016658944,0,0,0,0,21266960,10808370,266,345,277,5074,2928,0,3221221376,10,71,0,0,0
12-12 00:29:38,6.175,0.630,93.195,0,0,1575964672,62328692736,260685824,3016658944,0,73728,0,8,21990327,11169593,240,285,236,5086,2973,0,3221221376,10,71,0,0,0
12-12 00:29:39,5.812,0.505,93.683,0,0,1576124416,62328532992,260685824,3016658944,0,0,0,0,21050168,10694757,298,305,224,4912,2915,0,3221221376,10,71,0,0,0
12-12 00:29:40,5.700,0.380,93.920,0,0,1576153088,62328504320,260685824,3016658944,0,0,0,0,21595558,10963164,234,353,205,4975,2849,0,3221221376,10,71,0,0,0
12-12 00:29:41,6.482,0.755,92.763,0,0,1576312832,62328344576,260685824,3016658944,0,0,0,0,23226202,11791464,270,298,214,5280,3140,0,3221221376,10,71,0,0,0
12-12 00:29:42,6.223,0.566,93.212,0,0,1576472576,62328160256,260685824,3016658944,0,0,0,0,20939385,10640171,240,346,229,4978,2887,0,3221221376,10,71,0,0,0
12-12 00:29:43,4.984,0.568,94.448,0,0,1574432768,62330195968,260685824,3016663040,0,0,0,0,17661078,8968668,226,291,220,4528,2693,0,3221221376,10,29,0,41,1
12-12 00:29:44,0.188,0.125,99.687,0,0,1573253120,62331371520,260689920,3016663040,0,57344,0,6,384377,192763,12,15,3,419,304,0,3221221376,10,10,0,61,0
12-12 00:29:45,0,0.125,99.875,0,0,1573253120,62331371520,260689920,3016663040,0,0,0,0,760,366,0,0,0,98,163,0,3221221376,10,10,0,61,0
12-12 00:29:46,0,0.063,99.937,0,0,1573253120,62331371520,260689920,3016663040,0,0,0,0,537,564,0,0,0,97,177,0,3221221376,10,10,0,61,0
12-12 00:29:47,0,0.125,99.875,0,0,1573253120,62331371520,260689920,3016663040,0,0,0,0,306,334,0,0,0,100,179,0,3221221376,10,10,0,61,0
12-12 00:29:48,5.490,0.936,93.575,0,0,1323921408,62580686848,260689920,3016679424,0,0,0,0,545,334,0,0,0,517,312,0,3221221376,10,10,0,61,0
12-12 00:29:49,6.262,0.751,92.924,0.063,0,904265728,63000117248,260694016,3016900608,0,573440,0,66,580,418,0,0,0,739,327,0,3221221376,10,10,0,61,0
12-12 00:29:50,0,0.125,99.875,0,0,904249344,63000133632,260694016,3016900608,0,0,0,0,735,962,0,0,0,96,154,0,3221221376,10,10,0,61,0
12-12 00:29:51,1.251,0.813,97.936,0,0,905318400,62999060480,260694016,3016904704,0,0,0,0,4639,4286,0,0,0,933,737,0,3221221376,10,11,0,61,0
12-12 00:29:52,0.063,0.125,99.812,0,0,905232384,62999146496,260694016,3016912896,0,0,0,0,6513,61140,0,0,0,278,395,0,3221221376,10,11,0,61,0
12-12 00:29:53,0,0.125,99.875,0,0,905232384,62999146496,260694016,3016912896,0,0,0,0,6706,69926,0,0,0,244,397,0,3221221376,10,11,0,61,0
12-12 00:29:54,0.063,0.125,99.812,0,0,904056832,63000322048,260694016,3016908800,0,860160,0,194,3719,34587,0,0,0,369,471,0,3221221376,10,10,0,61,0
12-12 00:29:55,0,0.125,99.875,0,0,903749632,63000625152,260694016,3016912896,0,163840,0,8,246,350,0,0,0,115,202,0,3221221376,10,10,0,61,0
12-12 00:29:56,0,0.063,99.937,0,0,903733248,63000641536,260694016,3016912896,0,0,0,0,1291,580,0,0,0,116,186,0,3221221376,10,10,0,61,0
12-12 00:29:57,0,0.125,99.875,0,0,903733248,63000641536,260694016,3016912896,0,0,0,0,246,334,0,0,0,81,145,0,3221221376,10,10,0,61,0
12-12 00:29:58,0,0.063,99.937,0,0,903733248,63000641536,260694016,3016912896,0,0,0,0,700,394,0,0,0,93,160,0,3221221376,10,10,0,61,0
12-12 00:29:59,0,0.063,99.937,0,0,903733248,63000641536,260694016,3016912896,0,999424,0,214,1156,334,0,0,0,225,193,0,3221221376,10,10,0,61,0
12-12 00:30:00,0.312,0.125,99.562,0,0,881590272,63022776320,260694016,3016921088,0,0,0,0,995,902,1,0,0,185,283,0,3221221376,10,9,0,61,1
12-12 00:30:01,1.438,0.813,97.686,0.063,0,881872896,63022493696,260694016,3016908800,0,131072,0,6,5179,5587,0,0,0,953,893,0,3221221376,10,9,0,61,1
12-12 00:30:02,0.062,0.188,99.688,0.062,0,881106944,63023259648,260694016,3016908800,0,1327104,0,271,425,374,0,0,0,529,296,0,3221221376,10,9,0,61,1
12-12 00:30:03,0,0.125,99.875,0,0,881106944,63023259648,260694016,3016908800,0,0,0,0,1000,588,0,0,0,113,185,0,3221221376,10,9,0,61,1
12-12 00:30:04,0,0.063,99.937,0,0,881074176,63023292416,260694016,3016908800,0,516096,0,124,785,342,0,0,0,144,150,0,3221221376,10,9,0,61,1
12-12 00:30:05,0,0.125,99.875,0,0,881074176,63023292416,260694016,3016908800,0,0,0,0,838,444,0,0,0,109,180,0,3221221376,10,9,0,61,1
12-12 00:30:06,0,0.063,99.937,0,0,881065984,63023300608,260694016,3016908800,0,0,0,0,871,572,0,0,0,108,191,0,3221221376,10,9,0,61,1
12-12 00:30:07,0,0.125,99.875,0,0,881057792,63023308800,260694016,3016908800,0,0,0,0,306,342,0,0,0,107,179,0,3221221376,10,9,0,61,1
12-12 00:30:08,0,0.125,99.875,0,0,881053696,63023308800,260698112,3016908800,0,73728,0,4,759,342,0,0,0,115,163,0,3221221376,10,9,0,61,1
12-12 00:30:09,0,0.063,99.937,0,0,881053696,63023308800,260698112,3016908800,0,73728,0,18,366,358,0,0,0,118,152,0,3221221376,10,9,0,61,1
12-12 00:30:10,0,0.063,99.937,0,0,881053696,63023308800,260698112,3016908800,0,0,0,0,1284,588,0,0,0,125,171,0,3221221376,10,9,0,61,1
12-12 00:30:11,0,0.125,99.875,0,0,881053696,63023308800,260698112,3016908800,0,0,0,0,246,342,0,0,0,119,207,0,3221221376,10,9,0,61,1
12-12 00:30:12,0,0.125,99.875,0,0,881053696,63023308800,260698112,3016908800,0,0,0,0,305,342,0,0,0,82,145,0,3221221376,10,9,0,61,1
12-12 00:30:13,1.316,0.627,97.995,0.063,0,882700288,63021662208,260698112,3016912896,0,114688,0,8,5637,5725,0,0,0,905,841,0,3221221376,10,9,1,61,1
12-12 00:30:14,0,0.125,99.875,0,0,881213440,63023149056,260698112,3016908800,0,1155072,0,272,885,382,0,0,0,301,222,0,3221221376,10,9,0,61,1
12-12 00:30:15,0.063,0.063,99.875,0,0,881213440,63023149056,260698112,3016908800,0,0,0,0,186,358,0,0,0,115,191,0,3221221376,10,9,0,61,1
12-12 00:30:16,0.999,0.500,98.501,0,0,886935552,63017426944,260698112,3016912896,0,0,0,0,4796,3858,0,0,0,556,520,0,3221221376,10,10,0,61,1
12-12 00:30:17,1.188,0.813,97.999,0,0,884690944,63019692032,260698112,3016892416,0,0,0,0,5857,5445,0,0,0,946,856,0,3221221376,10,10,0,61,1
12-12 00:30:18,0.939,0.376,98.685,0,0,881164288,63023460352,260698112,3016646656,0,0,0,0,1587,2327,0,0,0,619,584,0,3221221376,10,9,0,61,1
12-12 00:30:19,0,0.125,99.875,0,0,881156096,63023468544,260698112,3016646656,0,1810432,0,382,426,358,0,0,0,280,197,0,3221221376,10,9,0,61,1
12-12 00:30:20,0,0.125,99.875,0,0,881156096,63023468544,260698112,3016646656,0,0,0,0,537,588,0,0,0,96,153,0,3221221376,10,9,0,61,1
12-12 00:30:21,0,0.063,99.937,0,0,881147904,63023476736,260698112,3016646656,0,0,0,0,528,342,0,0,0,99,184,0,3221221376,10,9,0,61,1
12-12 00:30:22,0,0.125,99.875,0,0,881131520,63023493120,260698112,3016646656,0,0,0,0,767,342,0,0,0,96,153,0,3221221376,10,9,0,61,1
12-12 00:30:23,0,0.063,99.937,0,0,881131520,63023493120,260698112,3016646656,0,0,0,0,418,572,0,0,0,103,183,0,3221221376,10,9,0,61,1
12-12 00:30:24,0,0.125,99.813,0.062,0,881131520,63023493120,260698112,3016646656,0,57344,0,10,425,342,0,0,0,93,159,0,3221221376,10,9,0,61,1
12-12 00:30:25,0,0.125,99.875,0,0,881127424,63023493120,260698112,3016650752,0,0,0,0,186,358,0,0,0,102,168,0,3221221376,10,9,0,61,1
12-12 00:30:26,1.625,0.562,97.812,0,0,883109888,63021510656,260698112,3016646656,0,0,0,0,5144,4830,0,0,0,898,725,0,3221221376,10,10,0,61,1
12-12 00:30:27,0.062,0.188,99.750,0,0,880828416,63023788032,260698112,3016654848,0,0,0,0,8376,1585,0,0,0,251,445,0,3221221376,10,9,0,61,1
12-12 00:30:28,0,0.063,99.937,0,0,880828416,63023788032,260698112,3016654848,0,0,0,0,365,342,0,0,0,95,154,0,3221221376,10,9,0,61,1
12-12 00:30:29,0,0.125,99.875,0,0,880828416,63023788032,260698112,3016654848,0,1417216,0,300,708,342,0,0,0,230,189,0,3221221376,10,9,0,61,1
12-12 00:30:30,0,0.063,99.937,0,0,880820224,63023796224,260698112,3016654848,0,0,0,0,597,588,0,0,0,111,172,0,3221221376,10,9,0,61,1
12-12 00:30:31,0,0.063,99.937,0,0,880820224,63023796224,260698112,3016654848,0,0,0,0,306,342,0,0,0,109,210,0,3221221376,10,9,0,61,1
12-12 00:30:32,0,0.125,99.875,0,0,880803840,63023812608,260698112,3016654848,0,0,0,0,365,342,0,0,0,85,151,0,3221221376,10,9,0,61,1
12-12 00:30:33,0,0.063,99.937,0,0,880803840,63023812608,260698112,3016654848,0,0,0,0,932,572,0,0,0,93,158,0,3221221376,10,9,0,61,1
12-12 00:30:34,0,0.063,99.875,0.063,0,880803840,63023812608,260698112,3016654848,0,57344,0,10,1282,342,0,0,0,100,159,0,3221221376,10,9,0,61,1
12-12 00:30:35,0,0.125,99.875,0,0,880803840,63023812608,260698112,3016654848,0,0,0,0,720,716,0,0,0,122,198,0,3221221376,10,9,0,61,1
12-12 00:30:36,0.062,0.062,99.875,0,0,880803840,63023812608,260698112,3016654848,0,0,0,0,717,572,0,0,0,104,178,0,3221221376,10,9,0,61,1
12-12 00:30:37,0,0.125,99.875,0,0,880803840,63023812608,260698112,3016654848,0,0,0,0,366,342,0,0,0,85,145,0,3221221376,10,9,0,61,1
12-12 00:30:38,0,0.063,99.937,0,0,880803840,63023812608,260698112,3016654848,0,0,0,0,827,342,0,0,0,89,149,0,3221221376,10,9,0,61,1
12-12 00:30:39,0,0.063,99.937,0,0,880803840,63023812608,260698112,3016654848,0,0,0,0,640,342,0,0,0,106,187,0,3221221376,10,9,0,61,1
12-12 00:30:40,0,0.125,99.875,0,0,880803840,63023812608,260698112,3016654848,0,73728,0,14,1336,572,0,0,0,123,184,0,3221221376,10,9,0,61,1
12-12 00:30:41,0,0.125,99.875,0,0,880803840,63023812608,260698112,3016654848,0,0,0,0,426,358,0,0,0,97,176,0,3221221376,10,9,0,61,1
12-12 00:30:42,2.001,1.063,96.936,0,0,896552960,63008063488,260698112,3016658944,0,0,0,0,5100,4734,0,0,0,876,724,0,3221221376,10,10,0,61,1
12-12 00:30:43,63.938,36.062,0,0,0,1286176768,62618439680,260698112,3016663040,0,0,0,0,1198,1147,0,0,0,4294,3250181,0,3221221376,10,9,0,61,1
12-12 00:30:44,33.709,2.506,63.784,0,0,1559715840,62344880128,260698112,3016667136,0,0,0,0,545,418,0,0,0,4742,4078,0,3221221376,10,9,0,61,1
12-12 00:30:45,0,0.125,99.812,0.062,0,1559814144,62344781824,260698112,3016667136,0,2179072,0,264,426,358,0,0,0,238,233,0,3221221376,10,9,0,0,1
12-12 00:30:46,0,0.063,99.937,0,0,1559814144,62344781824,260698112,3016667136,0,0,0,0,657,684,0,0,0,102,173,0,3221221376,10,9,0,0,1
12-12 00:30:47,0,0.063,99.937,0,0,1559814144,62344781824,260698112,3016667136,0,0,0,0,528,334,0,0,0,102,187,0,3221221376,10,9,0,0,1
12-12 00:30:48,0,0.125,99.875,0,0,1559814144,62344781824,260698112,3016667136,0,0,0,0,767,334,0,0,0,92,153,0,3221221376,10,9,0,0,1
12-12 00:30:49,6.879,0.688,92.433,0,0,1572446208,62332145664,260698112,3016671232,0,0,0,0,18294304,9323780,358,260,84,4633,4423,0,3221221376,10,71,0,0,1
12-12 00:30:50,6.494,0.567,92.938,0,0,1573642240,62330945536,260698112,3016675328,0,188416,0,36,22811127,11587362,382,215,122,5174,3137,0,3221221376,10,71,0,0,1
12-12 00:30:51,5.183,0.695,94.121,0,0,1574027264,62330560512,260698112,3016675328,0,0,0,0,19327076,9825254,366,147,106,4852,2776,0,3221221376,10,71,0,0,1
12-12 00:30:52,5.339,0.440,94.221,0,0,1574027264,62330560512,260698112,3016675328,0,0,0,0,17411201,8857118,386,208,101,4537,2451,0,3221221376,10,71,0,0,1
12-12 00:30:53,6.545,0.629,92.826,0,0,1574154240,62330433536,260698112,3016675328,0,0,0,0,22823130,11593700,447,243,94,5670,3100,0,3221221376,10,71,0,0,1
12-12 00:30:54,6.834,0.627,92.539,0,0,1574121472,62330466304,260698112,3016675328,0,0,0,0,22547075,11448542,391,198,125,5577,3067,0,3221221376,10,71,0,0,1
12-12 00:30:55,6.277,0.628,93.095,0,0,1574244352,62330339328,260698112,3016679424,0,0,0,0,21780796,11048736,438,225,88,5026,2893,0,3221221376,10,71,0,0,1
12-12 00:30:56,4.774,0.628,94.535,0.063,0,1574371328,62330212352,260698112,3016679424,0,65536,0,6,16913145,8593390,384,180,91,4177,2368,0,3221221376,10,71,0,0,1
12-12 00:30:57,6.305,0.567,93.127,0,0,1574498304,62330085376,260698112,3016679424,0,0,0,0,23108550,11727278,400,239,105,5224,3059,0,3221221376,10,71,0,0,1
12-12 00:30:58,6.983,0.623,92.394,0,0,1574879232,62329704448,260698112,3016679424,0,0,0,0,20780557,10567272,438,239,122,4997,2898,0,3221221376,10,71,0,0,1
12-12 00:30:59,6.554,0.811,92.634,0,0,1575260160,62329323520,260698112,3016679424,0,0,0,0,20801580,10570790,415,215,90,5050,2910,0,3221221376,10,71,0,0,1
12-12 00:31:00,1.826,0.378,97.796,0,0,1573191680,62331387904,260698112,3016683520,0,0,0,0,6727477,3415940,145,81,51,2179,1277,0,3221221376,10,10,0,61,1
12-12 00:31:01,0,0.125,99.875,0,0,1572843520,62331736064,260698112,3016683520,0,0,0,0,648,374,0,0,0,103,192,0,3221221376,10,10,0,61,0
12-12 00:31:02,0,0.125,99.875,0,0,1572839424,62331736064,260702208,3016683520,0,57344,0,6,880,334,0,0,0,105,167,0,3221221376,10,10,0,61,0
12-12 00:31:03,0,0.063,99.937,0,0,1572839424,62331736064,260702208,3016683520,0,0,0,0,238,580,0,0,0,101,187,0,3221221376,10,10,0,61,0
12-12 00:31:04,0,0.125,99.875,0,0,1572839424,62331736064,260702208,3016683520,0,0,0,0,1215,334,0,0,0,95,147,0,3221221376,10,10,0,61,0
12-12 00:31:05,11.935,1.319,86.746,0,0,906514432,62997958656,260702208,3016785920,0,0,0,0,318,668,0,0,0,1081,432,0,3221221376,10,10,0,61,0
12-12 00:31:06,0,0.125,99.875,0,0,904159232,63000158208,260702208,3016925184,0,0,0,0,537,588,0,0,0,99,191,0,3221221376,10,10,0,61,0
12-12 00:31:07,0.188,0.188,99.625,0,0,904183808,63000133632,260702208,3016925184,0,0,0,0,2745,2547,0,0,0,259,259,0,3221221376,10,11,0,61,0
12-12 00:31:08,1.127,0.564,98.247,0.063,0,905539584,62998777856,260702208,3016933376,0,581632,0,66,5757,36317,0,0,0,850,815,0,3221221376,10,11,0,61,0
12-12 00:31:09,0.062,0.125,99.812,0,0,905515008,62998802432,260702208,3016933376,0,0,0,0,7042,70742,0,0,0,241,395,0,3221221376,10,11,0,61,0
12-12 00:31:10,0,0.125,99.875,0,0,903716864,63000592384,260702208,3016933376,0,827392,0,194,6760,61265,0,0,0,434,566,0,3221221376,10,10,0,61,0
12-12 00:31:11,0,0.125,99.875,0,0,903647232,63000662016,260702208,3016925184,0,0,0,0,528,350,0,0,0,123,229,0,3221221376,10,10,0,61,0
12-12 00:31:12,0,0.125,99.875,0,0,903647232,63000662016,260702208,3016925184,0,0,0,0,819,334,0,0,0,93,154,0,3221221376,10,10,0,61,0
12-12 00:31:13,0,0.063,99.937,0,0,903647232,63000662016,260702208,3016925184,0,0,0,0,718,630,0,0,0,93,156,0,3221221376,10,10,0,61,0
12-12 00:31:14,0,0.063,99.937,0,0,903647232,63000662016,260702208,3016925184,0,106496,0,4,425,334,0,0,0,92,157,0,3221221376,10,10,0,61,0
12-12 00:31:15,0,0.125,99.875,0,0,903647232,63000662016,260702208,3016925184,0,0,0,0,306,350,0,0,0,107,196,0,3221221376,10,10,0,61,0
12-12 00:31:16,0,0.125,99.875,0,0,903647232,63000662016,260702208,3016925184,0,0,0,0,537,564,0,0,0,100,171,0,3221221376,10,10,0,61,0
12-12 00:31:17,0,0.125,99.875,0,0,903647232,63000662016,260702208,3016925184,0,0,0,0,186,334,0,0,0,81,145,0,3221221376,10,10,0,62,0
12-12 00:31:18,2.068,0.689,97.243,0,0,903659520,63000641536,260702208,3016925184,0,0,0,0,6034,5679,0,0,0,1093,933,0,3221221376,10,10,0,61,0
12-12 00:31:19,0,0.125,99.875,0,0,903139328,63001161728,260702208,3016925184,0,0,0,0,1342,358,0,0,0,121,203,0,3221221376,10,10,0,61,0
12-12 00:31:20,0.188,0.125,99.687,0,0,880766976,63023525888,260702208,3016925184,0,81920,0,4,1029,808,0,0,0,184,281,0,3221221376,10,9,0,61,1
12-12 00:31:21,0,0.125,99.875,0,0,880766976,63023525888,260702208,3016925184,0,1499136,0,330,426,358,0,0,0,264,172,0,3221221376,10,9,0,61,1
12-12 00:31:22,0,0.063,99.937,0,0,880766976,63023525888,260702208,3016925184,0,0,0,0,1247,358,0,0,0,98,157,0,3221221376,10,9,0,61,1
12-12 00:31:23,0,0.125,99.875,0,0,880766976,63023525888,260702208,3016925184,0,0,0,0,418,572,0,0,0,98,173,0,3221221376,10,9,0,61,1
12-12 00:31:24,0,0.063,99.937,0,0,880762880,63023525888,260702208,3016929280,0,0,0,0,365,342,0,0,0,86,143,0,3221221376,10,9,0,61,1
12-12 00:31:25,0.062,0.062,99.813,0.062,0,880762880,63023525888,260702208,3016929280,0,139264,0,6,366,402,0,0,0,105,171,0,3221221376,10,9,0,61,1
12-12 00:31:26,0,0.063,99.937,0,0,880762880,63023525888,260702208,3016929280,0,0,0,0,879,588,0,0,0,108,191,0,3221221376,10,9,0,61,1
12-12 00:31:27,0,0.125,99.875,0,0,880762880,63023525888,260702208,3016929280,0,0,0,0,708,342,0,0,0,107,185,0,3221221376,10,9,0,61,1
12-12 00:31:28,0,0.063,99.937,0,0,880762880,63023525888,260702208,3016929280,0,0,0,0,305,342,0,0,0,82,149,0,3221221376,10,9,0,61,1
12-12 00:31:29,0,0.125,99.875,0,0,880762880,63023525888,260702208,3016929280,0,0,0,0,426,342,0,0,0,84,146,0,3221221376,10,9,0,61,1
12-12 00:31:30,0,0.125,99.875,0,0,880762880,63023525888,260702208,3016929280,0,0,0,0,1179,572,0,0,0,101,157,0,3221221376,10,9,0,61,1
12-12 00:31:31,0.063,0,99.937,0,0,880762880,63023525888,260702208,3016929280,0,24576,0,4,760,342,0,0,0,128,226,0,3221221376,10,9,0,61,1
12-12 00:31:32,1.062,0.438,98.500,0,0,887848960,63016439808,260702208,3016929280,0,0,0,0,4684,3578,0,0,0,576,498,0,3221221376,10,10,0,61,1
12-12 00:31:33,0.500,0.375,99.124,0,0,880517120,63023771648,260702208,3016933376,0,0,0,0,2294,3279,0,0,0,572,573,0,3221221376,10,9,0,61,1
12-12 00:31:34,0,0.125,99.875,0,0,880517120,63023771648,260702208,3016929280,0,0,0,0,827,358,0,0,0,93,157,0,3221221376,10,9,0,61,1
12-12 00:31:35,0.188,0.125,99.688,0,0,881192960,63023095808,260702208,3016929280,0,0,0,0,2187,2393,0,0,0,211,223,0,3221221376,10,10,0,61,1
